1	2750	37683
1	1800	24806
1	870	12246
1	1720	24806
1	4470	50684
1	0	0
1	4460	63600
1	3620	50244
1	0	0
1	0	0
1	0	0
1	0	0
1	0	0
1	1830	24492
1	670	12090
1	2780	48394
1	0	0
1	0	0
1	0	0
1	0	0
1	0	0
1	0	0
1	0	0
1	0	0
1	0	0
1	0	0
1	0	0
1	2410	36738
1	0	0
1	580	11935
1	1280	24180
1	0	0
1	1360	24180
1	3290	46769
1	580	11781
1	3720	46242
1	0	0
1	2790	45870
1	740	11476
1	0	0
1	0	0
1	3770	45348
1	810	11325
1	0	0
1	3770	44829
1	690	11175
1	2870	44313
1	0	0
1	0	0
1	3640	43948
1	2350	33525
1	0	0
1	1570	22052
1	3510	42841
1	820	10731
1	3460	42337
1	3370	41981
1	3190	41626
1	9600	171444
1	9730	157170
1	3170	37073
1	2960	36747
1	2960	36422
1	9090	137712
1	2880	34286
1	7920	122925
1	2750	32336
1	7110	108780
1	6510	96579
1	2200	29253
1	5020	83520
1	2270	27822
1	3480	71071
1	1700	26558
1	2990	59220
1	2110	25456
1	3150	47955
1	2070	24511
1	2580	37264
1	1960	23718
1	620	8778
1	0	0
1	2240	23342
1	2100	23100
1	590	8515
1	1940	22729
1	2110	22490
1	0	0
1	540	8256
1	0	0
1	1770	22124
1	0	0
1	0	0
1	400	8128
1	380	8128
1	10	0
1	0	0
1	0	0
1	0	0
1	0	0
1	0	0
1	0	0
1	0	0
1	830	16512
1	600	8128
1	1870	21251
1	0	0
1	1870	21021
1	1320	24384
1	1120	16002
1	1150	16002
1	1720	19907
1	450	7750
1	1230	19562
1	0	0
1	1650	19343
1	1370	23250
1	1040	15252
1	1650	18507
1	1040	15006
1	1710	18051
1	1640	17842
1	1440	17634
1	410	7021
1	0	0
1	0	0
1	330	7021
1	0	0
1	0	0
1	0	0
1	1180	17191
1	0	0
1	330	6903
1	0	0
1	0	0
1	0	0
1	0	0
1	0	0
1	1440	16870
1	470	6786
1	0	0
1	1450	21063
1	0	0
1	0	0
1	0	0
1	0	0
1	0	0
1	900	13806
1	1420	15964
1	0	0
1	1400	15769
1	1150	15575
1	1300	15382
1	420	6328
1	1330	15078
1	920	14888
1	970	14699
1	1270	14511
1	0	0
1	0	0
1	0	0
1	390	5886
1	960	14216
1	0	0
1	0	0
1	0	0
1	0	0
1	0	0
1	0	0
1	0	0
1	0	0
1	270	5778
1	0	0
1	0	0
1	270	5778
1	0	0
1	0	0
1	840	13817
1	0	0
1	0	0
1	0	0
1	0	0
1	0	0
1	0	0
1	0	0
1	0	0
1	890	13635
1	0	0
1	260	5565
1	0	0
1	0	0
1	320	5565
1	0	0
1	0	0
1	0	0
1	1180	13244
1	0	0
1	0	0
1	1170	13066
1	1110	12889
1	0	0
1	0	0
1	380	5253
1	0	0
1	0	0
1	0	0
1	360	5253
1	0	0
1	1050	12509
1	920	12336
1	0	0
1	0	0
1	0	0
1	0	0
1	0	0
1	0	0
1	340	5050
1	1070	12064
1	0	0
1	0	0
1	0	0
1	340	4950
1	0	0
1	920	11795
1	10	0
1	1010	11627
1	0	0
1	0	0
1	0	0
1	0	0
1	0	0
1	0	0
1	0	0
1	0	0
1	0	0
1	0	0
1	0	0
1	0	0
1	0	0
1	0	0
1	0	0
1	0	0
1	0	0
1	310	4753
1	940	11363
1	0	0
1	0	0
1	0	0
1	0	0
1	0	0
1	0	0
1	0	0
1	0	0
1	0	0
1	950	11198
1	0	0
1	0	0
1	0	0
1	0	0
1	0	0
1	0	0
1	0	0
1	250	4560
1	0	0
1	0	0
1	200	4560
1	0	0
1	0	0
1	0	0
1	0	0
1	0	0
1	290	4560
1	0	0
1	910	10749
1	300	4465
1	0	0
1	0	0
1	0	0
1	0	0
1	0	0
1	290	4465
1	0	0
1	290	4465
1	0	0
1	0	0
1	0	0
1	0	0
1	0	0
1	0	0
1	10	0
1	0	0
1	0	0
1	0	0
1	0	0
1	0	0
1	0	0
1	0	0
1	0	0
1	0	0
1	0	0
1	0	0
1	0	0
1	240	4465
1	0	0
1	0	0
1	0	0
1	0	0
1	200	4465
1	0	0
1	0	0
1	0	0
1	0	0
1	0	0
1	0	0
1	0	0
1	0	0
1	0	0
1	0	0
1	0	0
1	0	0
1	0	0
1	0	0
1	0	0
1	0	0
1	0	0
1	0	0
1	200	4465
1	760	10025
1	0	0
1	310	4371
1	620	9779
1	200	4278
1	640	9536
1	0	0
1	0	0
1	300	4186
1	0	0
1	780	9296
1	0	0
1	750	9149
1	250	4005
1	0	0
1	730	8914
1	0	0
1	0	0
1	0	0
1	0	0
1	250	3916
1	0	0
1	700	8682
1	0	0
1	0	0
1	0	0
1	0	0
1	0	0
1	0	0
1	0	0
1	0	0
1	690	8540
1	240	3741
1	0	0
1	0	0
1	0	0
1	660	8313
1	0	0
1	0	0
1	0	0
1	0	0
1	0	0
1	0	0
1	0	0
1	0	0
1	230	3655
1	0	0
1	0	0
1	0	0
1	0	0
1	0	0
1	230	3655
1	230	3655
1	0	0
1	0	0
1	0	0
1	650	7919
1	0	0
1	220	3570
1	0	0
1	0	0
1	240	3570
1	0	0
1	0	0
1	0	0
1	0	0
1	220	3570
1	220	3570
1	0	0
1	0	0
1	0	0
1	0	0
1	0	0
1	0	0
1	230	3570
1	230	3570
1	600	7280
1	0	0
1	220	3486
1	0	0
1	0	0
1	0	0
1	0	0
1	580	7069
1	210	3403
1	0	0
1	0	0
1	570	6861
1	0	0
1	580	6737
1	220	3240
1	0	0
1	0	0
1	0	0
1	0	0
1	0	0
1	0	0
1	230	3240
1	230	3240
1	0	0
1	0	0
1	0	0
1	0	0
1	230	3240
1	0	0
1	0	0
1	0	0
1	0	0
1	560	6294
1	670	9963
1	0	0
1	0	0
1	0	0
1	220	3160
1	0	0
1	0	0
1	0	0
1	540	5854
1	0	0
1	0	0
1	0	0
1	0	0
1	0	0
1	0	0
1	0	0
1	0	0
1	210	3081
1	410	6320
1	510	5505
1	0	0
1	0	0
1	0	0
1	510	5396
1	490	5288
1	480	5181
1	480	5075
1	460	4970
1	460	4866
1	440	4763
1	270	4661
1	350	4560
1	270	4460
1	260	4361
1	240	4263
1	0	0
1	240	4166
1	230	4070
1	90	2016
1	0	0
1	230	3912
1	0	0
1	0	0
1	0	0
1	0	0
1	0	0
1	0	0
1	0	0
1	0	0
1	210	3819
1	210	3727
1	0	0
1	0	0
1	0	0
1	10	0
1	0	0
1	0	0
1	0	0
1	0	0
1	0	0
1	0	0
1	0	0
1	0	0
1	160	3782
1	0	0
1	80	1830
1	200	3454
1	200	3367
1	0	0
1	0	0
1	70	1711
1	80	1711
1	180	3165
1	0	0
1	180	3082
1	0	0
1	0	0
1	0	0
1	70	1596
1	0	0
1	0	0
1	0	0
1	0	0
1	0	0
1	0	0
1	0	0
1	200	2944
1	0	0
1	0	0
1	0	0
1	0	0
1	100	1540
1	110	1540
1	230	2754
1	0	0
1	220	2677
1	0	0
1	0	0
1	0	0
1	200	2970
1	230	2493
1	90	1378
1	220	2368
1	200	2297
1	200	2227
1	190	2158
1	120	2090
1	110	2023
1	0	0
1	0	0
1	0	0
1	0	0
1	0	0
1	50	1081
1	0	0
1	0	0
1	0	0
1	0	0
1	0	0
1	0	0
1	0	0
1	0	0
1	110	1911
1	150	1847
1	70	990
1	150	1740
1	0	0
1	0	0
1	0	0
1	60	946
1	0	0
1	0	0
1	0	0
1	0	0
1	0	0
1	0	0
1	0	0
1	0	0
1	0	0
1	0	0
1	0	0
1	140	1980
1	60	946
1	0	0
1	0	0
1	120	1505
1	0	0
1	0	0
1	0	0
1	0	0
1	0	0
1	0	0
1	0	0
1	0	0
1	0	0
1	0	0
1	120	1449
1	0	0
1	0	0
1	110	1394
1	50	820
1	0	0
1	0	0
1	50	820
1	0	0
1	60	820
1	100	1220
1	0	0
1	100	1170
1	100	1121
1	0	0
1	80	1073
1	90	1026
1	0	0
1	40	630
1	90	945
1	0	0
1	0	0
1	40	595
1	0	0
1	80	867
1	0	0
1	0	0
1	0	0
1	0	0
1	0	0
1	60	825
1	0	0
1	0	0
1	0	0
1	0	0
1	0	0
1	0	0
1	0	0
1	0	0
1	0	0
1	60	784
1	70	744
1	50	705
1	60	667
1	50	630
1	50	594
1	50	559
1	40	525
1	20	300
1	40	468
1	40	437
1	0	0
1	30	407
1	0	0
1	0	0
1	0	0
1	0	0
1	0	0
1	0	0
1	0	0
1	0	0
1	0	0
1	0	0
1	0	0
1	0	0
1	0	0
1	0	0
1	0	0
1	0	0
1	0	0
1	0	0
1	0	0
1	0	0
1	10	231
1	20	231
1	20	336
1	20	310
1	20	190
1	20	266
1	20	243
1	20	221
1	20	200
1	0	0
1	0	0
1	0	0
1	10	120
1	10	120
1	0	0
1	10	150
1	10	133
1	0	0
1	10	91
1	0	0
1	10	104
1	0	0
1	0	0
1	0	0
1	0	0
1	0	0
1	0	0
1	0	0
1	0	78
1	10	78
1	10	66
1	10	55
1	0	45
1	10	36
1	0	0
1	0	28
1	0	21
1	0	15
1	10	10
1	0	6
1	0	3
1	0	1
1	0	0
1	0	0
1	0	0
1	0	0
1	0	0
1	0	0
1	0	0
1	0	0
1	0	0
1	0	0
1	0	0
1	0	0
1	0	0
