1	180	457
1	0	0
1	530	910
1	0	0
1	0	0
1	0	0
1	0	0
1	0	0
1	180	456
1	530	908
1	0	0
1	0	0
1	0	0
1	10	0
1	0	0
1	0	0
1	0	0
1	0	0
1	0	0
1	0	0
1	0	0
1	0	0
1	0	0
1	0	0
1	0	0
1	0	0
1	0	0
1	0	0
1	0	0
1	0	0
1	0	0
1	0	0
1	0	0
1	0	0
1	0	0
1	0	0
1	0	0
1	0	0
1	0	0
1	0	0
1	0	0
1	0	0
1	0	0
1	0	0
1	0	0
1	0	0
1	0	0
1	0	0
1	490	907
1	350	910
1	180	454
1	0	0
1	0	0
1	0	0
1	0	0
1	0	0
1	0	0
1	0	0
1	0	0
1	180	454
1	0	0
1	0	0
1	0	0
1	0	0
1	0	0
1	0	0
1	0	0
1	0	0
1	0	0
1	0	0
1	0	0
1	0	0
1	0	0
1	0	0
1	0	0
1	0	0
1	0	0
1	0	0
1	0	0
1	0	0
1	0	0
1	0	0
1	0	0
1	0	0
1	0	0
1	0	0
1	0	0
1	0	0
1	0	0
1	510	902
1	0	0
1	0	0
1	180	453
1	0	0
1	0	0
1	0	0
1	0	0
1	0	0
1	0	0
1	0	0
1	0	0
1	0	0
1	0	0
1	0	0
1	0	0
1	0	0
1	0	0
1	0	0
1	0	0
1	0	0
1	0	0
1	0	0
1	0	0
1	0	0
1	0	0
1	0	0
1	160	453
1	0	0
1	0	0
1	0	0
1	0	0
1	0	0
1	0	0
1	0	0
1	0	0
1	0	0
1	0	0
1	0	0
1	0	0
1	10	0
1	0	0
1	0	0
1	0	0
1	0	0
1	0	0
1	0	0
1	170	453
1	0	0
1	0	0
1	0	0
1	0	0
1	0	0
1	0	0
1	0	0
1	10	0
1	0	0
1	0	0
1	0	0
1	160	453
1	0	0
1	0	0
1	0	0
1	0	0
1	0	0
1	0	0
1	0	0
1	0	0
1	0	0
1	0	0
1	0	0
1	180	453
1	0	0
1	0	0
1	510	896
1	480	895
1	180	451
1	0	0
1	0	0
1	0	0
1	0	0
1	0	0
1	0	0
1	0	0
1	0	0
1	0	0
1	0	0
1	0	0
1	0	0
1	0	0
1	0	0
1	0	0
1	0	0
1	0	0
1	0	0
1	0	0
1	0	0
1	180	451
1	0	0
1	0	0
1	0	0
1	0	0
1	0	0
1	0	0
1	0	0
1	0	0
1	180	451
1	490	891
1	0	0
1	0	0
1	0	0
1	160	450
1	0	0
1	190	450
1	0	0
1	0	0
1	460	888
1	0	0
1	0	0
1	0	0
1	0	0
1	0	0
1	0	0
1	0	0
1	0	0
1	0	0
1	0	0
1	0	0
1	0	0
1	10	0
1	0	0
1	500	887
1	170	448
1	0	0
1	0	0
1	0	0
1	0	0
1	0	0
1	0	0
1	0	0
1	170	448
1	500	884
1	0	0
1	0	0
1	0	0
1	0	0
1	0	0
1	0	0
1	0	0
1	0	0
1	0	0
1	490	883
1	0	0
1	0	0
1	0	0
1	0	0
1	170	446
1	0	0
1	0	0
1	0	0
1	0	0
1	180	446
1	180	446
1	0	0
1	500	879
1	0	0
1	0	0
1	0	0
1	180	445
1	0	0
1	0	0
1	0	0
1	0	0
1	0	0
1	0	0
1	170	445
1	0	0
1	0	0
1	0	0
1	0	0
1	0	0
1	0	0
1	0	0
1	0	0
1	0	0
1	0	0
1	0	0
1	0	0
1	0	0
1	0	0
1	0	0
1	0	0
1	0	0
1	0	0
1	0	0
1	0	0
1	0	0
1	0	0
1	0	0
1	0	0
1	0	0
1	0	0
1	0	0
1	0	0
1	0	0
1	0	0
1	0	0
1	0	0
1	0	0
1	0	0
1	0	0
1	0	0
1	0	0
1	0	0
1	0	0
1	0	0
1	180	445
1	0	0
1	0	0
1	0	0
1	0	0
1	0	0
1	0	0
1	0	0
1	0	0
1	0	0
1	0	0
1	0	0
1	0	0
1	0	0
1	0	0
1	0	0
1	0	0
1	0	0
1	0	0
1	0	0
1	0	0
1	0	0
1	0	0
1	0	0
1	0	0
1	0	0
1	0	0
1	0	0
1	0	0
1	0	0
1	0	0
1	0	0
1	0	0
1	0	0
1	170	445
1	0	0
1	0	0
1	0	0
1	0	0
1	0	0
1	0	0
1	340	892
1	170	445
1	470	871
1	0	0
1	170	444
1	340	890
1	0	0
1	170	444
1	470	866
1	470	865
1	470	864
1	500	863
1	0	0
1	0	0
1	0	0
1	350	882
1	0	0
1	0	0
1	0	0
1	0	0
1	180	440
1	0	0
1	0	0
1	0	0
1	0	0
1	170	440
1	0	0
1	0	0
1	0	0
1	0	0
1	0	0
1	180	440
1	0	0
1	0	0
1	0	0
1	0	0
1	0	0
1	0	0
1	0	0
1	0	0
1	0	0
1	0	0
1	0	0
1	0	0
1	0	0
1	0	0
1	0	0
1	0	0
1	0	0
1	0	0
1	0	0
1	0	0
1	0	0
1	0	0
1	450	857
1	0	0
1	0	0
1	0	0
1	0	0
1	0	0
1	0	0
1	0	0
1	0	0
1	0	0
1	0	0
1	0	0
1	0	0
1	0	0
1	0	0
1	0	0
1	0	0
1	0	0
1	0	0
1	0	0
1	0	0
1	160	439
1	0	0
1	460	855
1	0	0
1	0	0
1	0	0
1	0	0
1	0	0
1	0	0
1	160	438
1	0	0
1	0	0
1	450	853
1	0	0
1	0	0
1	0	0
1	0	0
1	0	0
1	0	0
1	0	0
1	180	437
1	0	0
1	450	851
1	0	0
1	0	0
1	0	0
1	0	0
1	0	0
1	0	0
1	0	0
1	0	0
1	0	0
1	0	0
1	0	0
1	0	0
1	0	0
1	0	0
1	0	0
1	0	0
1	0	0
1	0	0
1	0	0
1	0	0
1	0	0
1	160	436
1	480	849
1	0	0
1	0	0
1	0	0
1	0	0
1	0	0
1	0	0
1	170	435
1	0	0
1	160	435
1	490	846
1	150	434
1	470	844
1	150	433
1	170	433
1	0	0
1	0	0
1	0	0
1	0	0
1	0	0
1	0	0
1	0	0
1	0	0
1	0	0
1	0	0
1	0	0
1	0	0
1	0	0
1	0	0
1	0	0
1	0	0
1	0	0
1	470	841
1	170	432
1	0	0
1	0	0
1	0	0
1	0	0
1	0	0
1	0	0
1	0	0
1	180	432
1	0	0
1	160	432
1	160	432
1	0	0
1	0	0
1	0	0
1	0	0
1	0	0
1	0	0
1	0	0
1	0	0
1	0	0
1	0	0
1	0	0
1	0	0
1	0	0
1	0	0
1	0	0
1	0	0
1	0	0
1	0	0
1	0	0
1	0	0
1	0	0
1	0	0
1	0	0
1	0	0
1	0	0
1	0	0
1	0	0
1	0	0
1	0	0
1	0	0
1	0	0
1	0	0
1	0	0
1	0	0
1	0	0
1	0	0
1	0	0
1	0	0
1	0	0
1	0	0
1	0	0
1	0	0
1	0	0
1	0	0
1	0	0
1	0	0
1	0	0
1	0	0
1	0	0
1	0	0
1	0	0
1	0	0
1	0	0
1	0	0
1	170	432
1	0	0
1	460	835
1	0	0
1	0	0
1	0	0
1	0	0
1	0	0
1	0	0
1	0	0
1	0	0
1	0	0
1	0	0
1	0	0
1	0	0
1	0	0
1	0	0
1	0	0
1	0	0
1	0	0
1	0	0
1	0	0
1	490	1299
1	0	0
1	0	0
1	0	0
1	0	0
1	0	0
1	0	0
1	0	0
1	160	431
1	0	0
1	0	0
1	0	0
1	0	0
1	0	0
1	0	0
1	0	0
1	0	0
1	0	0
1	0	0
1	0	0
1	0	0
1	0	0
1	0	0
1	10	0
1	0	0
1	0	0
1	0	0
1	0	0
1	0	0
1	0	0
1	0	0
1	0	0
1	0	0
1	0	0
1	0	0
1	0	0
1	0	0
1	0	0
1	0	0
1	0	0
1	0	0
1	0	0
1	0	0
1	140	431
1	0	0
1	0	0
1	0	0
1	0	0
1	0	0
1	170	431
1	0	0
1	0	0
1	440	828
1	0	0
1	0	0
1	460	827
1	160	429
1	0	0
1	0	0
1	0	0
1	0	0
1	0	0
1	0	0
1	0	0
1	170	429
1	0	0
1	0	0
1	150	429
1	0	0
1	0	0
1	170	429
1	150	429
1	0	0
1	440	821
1	0	0
1	0	0
1	160	428
1	0	0
1	0	0
1	170	428
1	0	0
1	0	0
1	0	0
1	0	0
1	0	0
1	0	0
1	0	0
1	0	0
1	0	0
1	0	0
1	0	0
1	0	0
1	0	0
1	0	0
1	0	0
1	0	0
1	0	0
1	0	0
1	0	0
1	0	0
1	0	0
1	0	0
1	0	0
1	160	428
1	0	0
1	0	0
1	0	0
1	0	0
1	440	817
1	0	0
1	0	0
1	0	0
1	170	427
1	0	0
1	0	0
1	0	0
1	0	0
1	0	0
1	0	0
1	160	427
1	440	814
1	0	0
1	0	0
1	300	854
1	0	0
1	440	811
1	150	425
1	0	0
1	0	0
1	0	0
1	0	0
1	0	0
1	0	0
1	0	0
1	0	0
1	0	0
1	0	0
1	0	0
1	0	0
1	0	0
1	0	0
1	0	0
1	0	0
1	0	0
1	0	0
1	0	0
1	0	0
1	0	0
1	0	0
1	0	0
1	0	0
1	0	0
1	0	0
1	0	0
1	0	0
1	0	0
1	0	0
1	420	809
1	0	0
1	0	0
1	0	0
1	0	0
1	0	0
1	160	424
1	0	0
1	440	807
1	0	0
1	440	806
1	410	805
1	0	0
1	440	804
1	0	0
1	0	0
1	0	0
1	0	0
1	0	0
1	0	0
1	0	0
1	0	0
1	0	0
1	0	0
1	0	0
1	0	0
1	0	0
1	0	0
1	0	0
1	0	0
1	0	0
1	0	0
1	0	0
1	0	0
1	0	0
1	0	0
1	0	0
1	150	420
1	0	0
1	0	0
1	0	0
1	0	0
1	0	0
1	0	0
1	0	0
1	0	0
1	0	0
1	0	0
1	0	0
1	0	0
1	0	0
1	0	0
1	0	0
1	300	842
1	0	0
1	0	0
1	410	800
1	160	419
1	0	0
1	420	798
1	0	0
1	0	0
1	0	0
1	0	0
1	0	0
1	0	0
1	0	0
1	0	0
1	0	0
1	0	0
1	0	0
1	420	797
1	150	417
1	0	0
1	0	0
1	0	0
1	10	0
1	0	0
1	0	0
1	420	795
1	300	834
1	150	416
1	0	0
1	0	0
1	0	0
1	0	0
1	420	791
1	0	0
1	410	790
1	0	0
1	0	0
1	0	0
1	0	0
1	0	0
1	0	0
1	0	0
1	0	0
1	0	0
1	0	0
1	0	0
1	0	0
1	0	0
1	160	414
1	0	0
1	0	0
1	0	0
1	0	0
1	160	414
1	0	0
1	380	787
1	0	0
1	310	828
1	0	0
1	150	413
1	420	783
1	0	0
1	390	782
1	0	0
1	0	0
1	150	411
1	0	0
1	410	780
1	420	779
1	400	778
1	300	818
1	140	408
1	0	0
1	410	774
1	0	0
1	0	0
1	0	0
1	0	0
1	290	816
1	410	771
1	0	0
1	420	770
1	410	769
1	140	404
1	0	0
1	0	0
1	150	404
1	0	0
1	400	766
1	0	0
1	0	0
1	0	0
1	150	403
1	410	764
1	0	0
1	0	0
1	130	402
1	0	0
1	400	762
1	0	0
1	0	0
1	0	0
1	160	401
1	0	0
1	420	760
1	410	759
1	390	758
1	390	757
1	0	0
1	0	0
1	0	0
1	0	0
1	0	0
1	370	756
1	390	755
1	390	754
1	420	753
1	390	752
1	420	751
1	0	0
1	0	0
1	0	0
1	0	0
1	0	0
1	0	0
1	0	0
1	0	0
1	0	0
1	0	0
1	0	0
1	0	0
1	0	0
1	0	0
1	0	0
1	0	0
1	0	0
1	0	0
1	0	0
1	0	0
1	0	0
1	0	0
1	0	0
1	0	0
1	0	0
1	0	0
1	0	0
1	0	0
1	10	0
1	0	0
1	0	0
1	0	0
1	140	391
1	150	391
1	380	748
1	0	0
1	0	0
1	0	0
1	0	0
1	0	0
1	0	0
1	0	0
1	0	0
1	0	0
1	0	0
1	0	0
1	0	0
1	0	0
1	0	0
1	0	0
1	0	0
1	0	0
1	0	0
1	150	390
1	0	0
1	140	390
1	400	745
1	0	0
1	0	0
1	0	0
1	0	0
1	0	0
1	0	0
1	0	0
1	0	0
1	0	0
1	0	0
1	0	0
1	0	0
1	0	0
1	0	0
1	0	0
1	150	389
1	0	0
1	0	0
1	0	0
1	0	0
1	0	0
1	0	0
1	0	0
1	0	0
1	0	0
1	140	389
1	0	0
1	300	780
1	130	389
1	380	739
1	410	738
1	390	737
1	0	0
1	0	0
1	0	0
1	0	0
1	0	0
1	150	386
1	390	735
1	0	0
1	0	0
1	0	0
1	140	385
1	0	0
1	0	0
1	360	733
1	150	384
1	0	0
1	370	731
1	0	0
1	0	0
1	0	0
1	0	0
1	0	0
1	0	0
1	0	0
1	0	0
1	0	0
1	0	0
1	400	730
1	0	0
1	0	0
1	0	0
1	0	0
1	0	0
1	560	1540
1	380	725
1	420	1149
1	290	764
1	370	719
1	0	0
1	0	0
1	0	0
1	0	0
1	0	0
1	0	0
1	10	0
1	0	0
1	0	0
1	0	0
1	0	0
1	0	0
1	0	0
1	0	0
1	0	0
1	0	0
1	0	0
1	0	0
1	0	0
1	0	0
1	0	0
1	0	0
1	0	0
1	0	0
1	0	0
1	0	0
1	0	0
1	0	0
1	0	0
1	0	0
1	0	0
1	0	0
1	0	0
1	0	0
1	0	0
1	0	0
1	0	0
1	0	0
1	0	0
1	150	380
1	340	717
1	140	379
1	0	0
1	0	0
1	0	0
1	0	0
1	0	0
1	0	0
1	0	0
1	0	0
1	0	0
1	390	715
1	140	378
1	0	0
1	0	0
1	0	0
1	0	0
1	0	0
1	0	0
1	0	0
1	0	0
1	0	0
1	0	0
1	0	0
1	0	0
1	0	0
1	0	0
1	0	0
1	10	0
1	0	0
1	0	0
1	0	0
1	0	0
1	0	0
1	0	0
1	0	0
1	0	0
1	0	0
1	0	0
1	0	0
1	0	0
1	0	0
1	0	0
1	380	713
1	0	0
1	0	0
1	0	0
1	0	0
1	0	0
1	0	0
1	0	0
1	0	0
1	0	0
1	0	0
1	0	0
1	0	0
1	0	0
1	0	0
1	0	0
1	0	0
1	0	0
1	0	0
1	0	0
1	0	0
1	0	0
1	280	756
1	140	377
1	0	0
1	0	0
1	140	377
1	370	708
1	140	376
1	380	706
1	0	0
1	0	0
1	0	0
1	0	0
1	0	0
1	0	0
1	0	0
1	0	0
1	0	0
1	0	0
1	0	0
1	0	0
1	0	0
1	0	0
1	0	0
1	0	0
1	0	0
1	0	0
1	0	0
1	0	0
1	0	0
1	0	0
1	0	0
1	0	0
1	0	0
1	0	0
1	0	0
1	0	0
1	0	0
1	0	0
1	0	0
1	0	0
1	0	0
1	0	0
1	0	0
1	0	0
1	0	0
1	0	0
1	0	0
1	0	0
1	0	0
1	0	0
1	0	0
1	0	0
1	0	0
1	0	0
1	0	0
1	0	0
1	0	0
1	0	0
1	0	0
1	0	0
1	0	0
1	0	0
1	0	0
1	0	0
1	0	0
1	0	0
1	0	0
1	0	0
1	0	0
1	0	0
1	0	0
1	0	0
1	0	0
1	0	0
1	0	0
1	0	0
1	0	0
1	0	0
1	0	0
1	0	0
1	0	0
1	0	0
1	0	0
1	0	0
1	0	0
1	0	0
1	0	0
1	0	0
1	0	0
1	0	0
1	140	375
1	0	0
1	0	0
1	0	0
1	0	0
1	370	704
1	0	0
1	0	0
1	150	374
1	380	702
1	0	0
1	130	373
1	0	0
1	0	0
1	360	700
1	0	0
1	0	0
1	0	0
1	0	0
1	0	0
1	0	0
1	360	699
1	0	0
1	0	0
1	0	0
1	0	0
1	0	0
1	0	0
1	0	0
1	0	0
1	0	0
1	0	0
1	0	0
1	0	0
1	0	0
1	0	0
1	0	0
1	0	0
1	0	0
1	0	0
1	0	0
1	0	0
1	0	0
1	0	0
1	10	0
1	140	371
1	0	0
1	0	0
1	0	0
1	0	0
1	0	0
1	0	0
1	140	371
1	0	0
1	0	0
1	0	0
1	380	696
1	0	0
1	0	0
1	0	0
1	0	0
1	0	0
1	0	0
1	0	0
1	0	0
1	0	0
1	0	0
1	0	0
1	0	0
1	0	0
1	0	0
1	0	0
1	0	0
1	0	0
1	0	0
1	0	0
1	0	0
1	0	0
1	0	0
1	0	0
1	0	0
1	0	0
1	0	0
1	0	0
1	0	0
1	0	0
1	0	0
1	0	0
1	0	0
1	0	0
1	0	0
1	0	0
1	0	0
1	140	370
1	0	0
1	0	0
1	370	694
1	0	0
1	0	0
1	140	369
1	0	0
1	0	0
1	0	0
1	0	0
1	0	0
1	0	0
1	0	0
1	0	0
1	0	0
1	0	0
1	0	0
1	0	0
1	130	369
1	0	0
1	140	369
1	130	369
1	350	689
1	260	738
1	360	686
1	130	367
1	0	0
1	360	684
1	0	0
1	140	366
1	0	0
1	130	366
1	340	681
1	0	0
1	320	680
1	0	0
1	340	679
1	140	363
1	0	0
1	340	677
1	0	0
1	0	0
1	0	0
1	0	0
1	0	0
1	0	0
1	140	362
1	340	675
1	130	361
1	140	361
1	320	672
1	0	0
1	0	0
1	0	0
1	0	0
1	0	0
1	0	0
1	0	0
1	0	0
1	350	671
1	340	670
1	360	669
1	330	668
1	360	667
1	350	666
1	340	665
1	330	664
1	340	663
1	0	0
1	0	0
1	0	0
1	0	0
1	0	0
1	0	0
1	0	0
1	360	662
1	0	0
1	0	0
1	0	0
1	0	0
1	0	0
1	320	661
1	120	349
1	0	0
1	0	0
1	0	0
1	0	0
1	350	659
1	0	0
1	0	0
1	0	0
1	0	0
1	0	0
1	0	0
1	0	0
1	0	0
1	0	0
1	0	0
1	0	0
1	0	0
1	0	0
1	0	0
1	0	0
1	0	0
1	0	0
1	0	0
1	0	0
1	0	0
1	0	0
1	0	0
1	0	0
1	0	0
1	0	0
1	10	0
1	0	0
1	0	0
1	120	348
1	130	348
1	320	656
1	0	0
1	0	0
1	0	0
1	0	0
1	0	0
1	0	0
1	0	0
1	0	0
1	0	0
1	0	0
1	0	0
1	0	0
1	350	655
1	340	654
1	320	653
1	350	652
1	340	651
1	120	342
1	0	0
1	0	0
1	0	0
1	0	0
1	0	0
1	0	0
1	0	0
1	0	0
1	0	0
1	0	0
1	0	0
1	0	0
1	140	342
1	0	0
1	0	0
1	0	0
1	0	0
1	0	0
1	0	0
1	0	0
1	0	0
1	120	342
1	0	0
1	0	0
1	320	647
1	0	0
1	0	0
1	0	0
1	0	0
1	0	0
1	0	0
1	0	0
1	0	0
1	0	0
1	0	0
1	0	0
1	0	0
1	0	0
1	0	0
1	0	0
1	0	0
1	0	0
1	0	0
1	0	0
1	320	646
1	0	0
1	0	0
1	340	645
1	120	339
1	0	0
1	0	0
1	130	339
1	0	0
1	0	0
1	310	642
1	0	0
1	0	0
1	0	0
1	0	0
1	0	0
1	0	0
1	0	0
1	0	0
1	0	0
1	0	0
1	0	0
1	0	0
1	0	0
1	0	0
1	10	0
1	120	338
1	320	640
1	0	0
1	0	0
1	0	0
1	350	639
1	0	0
1	0	0
1	0	0
1	0	0
1	120	336
1	0	0
1	0	0
1	0	0
1	0	0
1	0	0
1	310	637
1	0	0
1	0	0
1	0	0
1	0	0
1	0	0
1	330	636
1	330	635
1	310	634
1	330	633
1	310	632
1	0	0
1	0	0
1	120	330
1	0	0
1	320	630
1	0	0
1	0	0
1	0	0
1	0	0
1	0	0
1	0	0
1	0	0
1	0	0
1	0	0
1	0	0
1	0	0
1	0	0
1	0	0
1	0	0
1	0	0
1	0	0
1	0	0
1	0	0
1	0	0
1	120	329
1	0	0
1	330	628
1	0	0
1	0	0
1	0	0
1	0	0
1	0	0
1	0	0
1	0	0
1	120	328
1	0	0
1	0	0
1	0	0
1	120	328
1	330	625
1	0	0
1	0	0
1	0	0
1	0	0
1	0	0
1	0	0
1	0	0
1	0	0
1	120	327
1	0	0
1	120	327
1	0	0
1	0	0
1	0	0
1	0	0
1	0	0
1	0	0
1	0	0
1	0	0
1	0	0
1	0	0
1	0	0
1	0	0
1	0	0
1	330	622
1	120	326
1	0	0
1	330	620
1	120	325
1	0	0
1	0	0
1	120	325
1	0	0
1	0	0
1	0	0
1	0	0
1	0	0
1	120	325
1	0	0
1	310	616
1	0	0
1	0	0
1	0	0
1	0	0
1	0	0
1	10	0
1	110	324
1	0	0
1	0	0
1	10	0
1	0	0
1	0	0
1	0	0
1	0	0
1	0	0
1	0	0
1	0	0
1	0	0
1	310	614
1	0	0
1	0	0
1	0	0
1	0	0
1	0	0
1	0	0
1	0	0
1	0	0
1	110	323
1	120	323
1	310	611
1	0	0
1	120	322
1	300	609
1	0	0
1	0	0
1	0	0
1	0	0
1	0	0
1	0	0
1	0	0
1	0	0
1	0	0
1	0	0
1	0	0
1	0	0
1	0	0
1	0	0
1	0	0
1	0	0
1	0	0
1	0	0
1	0	0
1	0	0
1	0	0
1	0	0
1	0	0
1	0	0
1	0	0
1	0	0
1	0	0
1	120	321
1	0	0
1	320	607
1	0	0
1	0	0
1	0	0
1	110	320
1	0	0
1	0	0
1	310	605
1	0	0
1	0	0
1	0	0
1	0	0
1	0	0
1	120	319
1	0	0
1	0	0
1	310	603
1	0	0
1	0	0
1	0	0
1	0	0
1	0	0
1	0	0
1	0	0
1	0	0
1	0	0
1	0	0
1	0	0
1	0	0
1	0	0
1	0	0
1	0	0
1	0	0
1	0	0
1	0	0
1	0	0
1	0	0
1	0	0
1	0	0
1	0	0
1	0	0
1	0	0
1	0	0
1	0	0
1	0	0
1	0	0
1	0	0
1	0	0
1	0	0
1	0	0
1	0	0
1	0	0
1	0	0
1	310	602
1	0	0
1	0	0
1	0	0
1	110	317
1	240	636
1	0	0
1	120	317
1	0	0
1	0	0
1	300	597
1	0	0
1	100	316
1	0	0
1	300	595
1	0	0
1	0	0
1	0	0
1	0	0
1	0	0
1	0	0
1	0	0
1	0	0
1	0	0
1	0	0
1	0	0
1	0	0
1	0	0
1	110	315
1	110	315
1	0	0
1	320	592
1	0	0
1	0	0
1	0	0
1	0	0
1	120	314
1	0	0
1	290	590
1	0	0
1	0	0
1	0	0
1	0	0
1	0	0
1	0	0
1	0	0
1	0	0
1	0	0
1	0	0
1	0	0
1	0	0
1	0	0
1	0	0
1	0	0
1	0	0
1	0	0
1	0	0
1	0	0
1	0	0
1	300	589
1	300	588
1	110	311
1	300	586
1	0	0
1	0	0
1	0	0
1	0	0
1	0	0
1	0	0
1	0	0
1	0	0
1	10	0
1	0	0
1	0	0
1	0	0
1	100	310
1	0	0
1	120	310
1	0	0
1	0	0
1	0	0
1	0	0
1	0	0
1	0	0
1	0	0
1	0	0
1	0	0
1	0	0
1	0	0
1	0	0
1	290	583
1	0	0
1	0	0
1	0	0
1	0	0
1	0	0
1	110	309
1	0	0
1	290	581
1	0	0
1	0	0
1	0	0
1	0	0
1	0	0
1	0	0
1	0	0
1	0	0
1	0	0
1	0	0
1	0	0
1	0	0
1	0	0
1	0	0
1	0	0
1	0	0
1	0	0
1	0	0
1	0	0
1	0	0
1	0	0
1	100	308
1	0	0
1	0	0
1	0	0
1	0	0
1	0	0
1	0	0
1	0	0
1	0	0
1	0	0
1	0	0
1	0	0
1	0	0
1	10	0
1	0	0
1	0	0
1	0	0
1	0	0
1	0	0
1	0	0
1	270	579
1	0	0
1	110	307
1	0	0
1	290	577
1	230	614
1	120	306
1	0	0
1	290	573
1	0	0
1	0	0
1	0	0
1	0	0
1	0	0
1	110	305
1	0	0
1	0	0
1	0	0
1	0	0
1	260	571
1	0	0
1	0	0
1	0	0
1	0	0
1	0	0
1	290	570
1	110	303
1	0	0
1	0	0
1	0	0
1	0	0
1	0	0
1	290	568
1	270	567
1	100	301
1	290	565
1	280	564
1	280	563
1	0	0
1	0	0
1	110	298
1	0	0
1	280	561
1	110	297
1	0	0
1	270	559
1	280	558
1	0	0
1	0	0
1	0	0
1	0	0
1	0	0
1	0	0
1	0	0
1	0	0
1	110	295
1	280	556
1	0	0
1	110	294
1	290	554
1	100	293
1	0	0
1	300	552
1	0	0
1	100	292
1	0	0
1	280	550
1	0	0
1	0	0
1	0	0
1	0	0
1	0	0
1	0	0
1	0	0
1	0	0
1	0	0
1	0	0
1	0	0
1	0	0
1	0	0
1	0	0
1	0	0
1	0	0
1	0	0
1	0	0
1	290	549
1	0	0
1	0	0
1	0	0
1	0	0
1	0	0
1	100	290
1	0	0
1	260	547
1	280	546
1	110	288
1	0	0
1	0	0
1	0	0
1	290	544
1	260	543
1	100	286
1	260	541
1	280	540
1	200	570
1	100	284
1	0	0
1	290	536
1	260	535
1	280	534
1	270	533
1	100	280
1	0	0
1	100	280
1	0	0
1	0	0
1	0	0
1	0	0
1	0	0
1	0	0
1	0	0
1	0	0
1	0	0
1	0	0
1	0	0
1	0	0
1	0	0
1	0	0
1	0	0
1	0	0
1	0	0
1	0	0
1	0	0
1	0	0
1	0	0
1	0	0
1	0	0
1	0	0
1	0	0
1	0	0
1	0	0
1	0	0
1	0	0
1	0	0
1	0	0
1	0	0
1	0	0
1	0	0
1	0	0
1	0	0
1	100	280
1	0	0
1	0	0
1	0	0
1	0	0
1	0	0
1	0	0
1	0	0
1	0	0
1	0	0
1	0	0
1	0	0
1	0	0
1	0	0
1	0	0
1	0	0
1	0	0
1	0	0
1	270	529
1	100	279
1	0	0
1	280	527
1	0	0
1	0	0
1	260	526
1	0	0
1	0	0
1	10	0
1	0	0
1	100	277
1	0	0
1	0	0
1	0	0
1	0	0
1	0	0
1	190	556
1	250	522
1	100	276
1	270	520
1	0	0
1	0	0
1	0	0
1	0	0
1	0	0
1	0	0
1	0	0
1	270	519
1	0	0
1	0	0
1	0	0
1	100	274
1	270	517
1	0	0
1	0	0
1	0	0
1	0	0
1	0	0
1	100	273
1	250	515
1	0	0
1	0	0
1	100	272
1	0	0
1	0	0
1	0	0
1	250	513
1	260	512
1	0	0
1	0	0
1	0	0
1	0	0
1	100	270
1	0	0
1	0	0
1	0	0
1	0	0
1	0	0
1	0	0
1	0	0
1	0	0
1	0	0
1	0	0
1	0	0
1	0	0
1	0	0
1	0	0
1	0	0
1	0	0
1	0	0
1	0	0
1	0	0
1	0	0
1	0	0
1	0	0
1	0	0
1	250	510
1	0	0
1	0	0
1	0	0
1	0	0
1	0	0
1	260	509
1	0	0
1	0	0
1	0	0
1	0	0
1	250	508
1	0	0
1	0	0
1	0	0
1	0	0
1	260	507
1	0	0
1	0	0
1	0	0
1	0	0
1	240	506
1	100	265
1	250	504
1	0	0
1	0	0
1	0	0
1	0	0
1	0	0
1	0	0
1	0	0
1	0	0
1	0	0
1	90	264
1	0	0
1	230	502
1	0	0
1	0	0
1	0	0
1	0	0
1	0	0
1	0	0
1	0	0
1	0	0
1	0	0
1	0	0
1	0	0
1	0	0
1	0	0
1	0	0
1	0	0
1	0	0
1	0	0
1	0	0
1	0	0
1	0	0
1	0	0
1	0	0
1	0	0
1	0	0
1	0	0
1	0	0
1	0	0
1	0	0
1	0	0
1	0	0
1	0	0
1	0	0
1	0	0
1	0	0
1	0	0
1	0	0
1	0	0
1	0	0
1	0	0
1	0	0
1	10	0
1	0	0
1	0	0
1	0	0
1	0	0
1	0	0
1	0	0
1	240	501
1	0	0
1	0	0
1	250	500
1	0	0
1	0	0
1	0	0
1	0	0
1	0	0
1	0	0
1	0	0
1	0	0
1	0	0
1	100	261
1	230	498
1	0	0
1	0	0
1	0	0
1	0	0
1	0	0
1	0	0
1	0	0
1	0	0
1	0	0
1	0	0
1	0	0
1	0	0
1	0	0
1	10	0
1	0	0
1	0	0
1	0	0
1	0	0
1	0	0
1	0	0
1	0	0
1	0	0
1	0	0
1	0	0
1	0	0
1	0	0
1	0	0
1	0	0
1	0	0
1	0	0
1	0	0
1	0	0
1	0	0
1	0	0
1	0	0
1	0	0
1	0	0
1	0	0
1	0	0
1	0	0
1	0	0
1	0	0
1	0	0
1	0	0
1	0	0
1	0	0
1	0	0
1	0	0
1	0	0
1	0	0
1	0	0
1	0	0
1	250	497
1	240	496
1	90	258
1	0	0
1	0	0
1	0	0
1	0	0
1	0	0
1	0	0
1	0	0
1	0	0
1	0	0
1	0	0
1	0	0
1	0	0
1	0	0
1	0	0
1	0	0
1	0	0
1	0	0
1	0	0
1	0	0
1	0	0
1	0	0
1	250	494
1	100	257
1	0	0
1	0	0
1	0	0
1	0	0
1	0	0
1	0	0
1	0	0
1	0	0
1	0	0
1	0	0
1	0	0
1	0	0
1	0	0
1	0	0
1	0	0
1	0	0
1	90	257
1	0	0
1	0	0
1	0	0
1	0	0
1	0	0
1	0	0
1	0	0
1	0	0
1	0	0
1	0	0
1	90	257
1	0	0
1	90	257
1	0	0
1	190	516
1	0	0
1	0	0
1	90	257
1	0	0
1	0	0
1	0	0
1	0	0
1	0	0
1	230	486
1	160	514
1	90	256
1	0	0
1	0	0
1	0	0
1	0	0
1	90	256
1	80	256
1	230	480
1	0	0
1	0	0
1	0	0
1	0	0
1	0	0
1	0	0
1	0	0
1	0	0
1	0	0
1	0	0
1	0	0
1	0	0
1	0	0
1	0	0
1	0	0
1	0	0
1	0	0
1	10	0
1	0	0
1	0	0
1	0	0
1	0	0
1	0	0
1	0	0
1	0	0
1	0	0
1	230	479
1	0	0
1	0	0
1	0	0
1	0	0
1	0	0
1	0	0
1	0	0
1	0	0
1	0	0
1	80	254
1	220	477
1	0	0
1	240	476
1	240	475
1	0	0
1	0	0
1	0	0
1	0	0
1	0	0
1	0	0
1	0	0
1	0	0
1	0	0
1	0	0
1	0	0
1	0	0
1	0	0
1	0	0
1	0	0
1	0	0
1	0	0
1	0	0
1	0	0
1	0	0
1	0	0
1	0	0
1	0	0
1	0	0
1	0	0
1	0	0
1	0	0
1	0	0
1	0	0
1	0	0
1	0	0
1	0	0
1	0	0
1	0	0
1	0	0
1	10	0
1	0	0
1	80	251
1	0	0
1	230	473
1	0	0
1	0	0
1	0	0
1	0	0
1	0	0
1	0	0
1	0	0
1	0	0
1	0	0
1	0	0
1	80	250
1	0	0
1	230	471
1	0	0
1	220	470
1	220	469
1	220	468
1	0	0
1	0	0
1	230	467
1	80	245
1	0	0
1	0	0
1	0	0
1	0	0
1	0	0
1	0	0
1	0	0
1	0	0
1	0	0
1	0	0
1	0	0
1	0	0
1	0	0
1	0	0
1	0	0
1	0	0
1	0	0
1	0	0
1	0	0
1	0	0
1	0	0
1	0	0
1	0	0
1	0	0
1	210	465
1	90	244
1	0	0
1	0	0
1	0	0
1	0	0
1	0	0
1	0	0
1	0	0
1	0	0
1	0	0
1	80	244
1	0	0
1	0	0
1	0	0
1	0	0
1	0	0
1	0	0
1	0	0
1	0	0
1	0	0
1	0	0
1	0	0
1	0	0
1	0	0
1	0	0
1	0	0
1	0	0
1	0	0
1	0	0
1	0	0
1	0	0
1	0	0
1	0	0
1	0	0
1	0	0
1	0	0
1	0	0
1	10	0
1	0	0
1	0	0
1	70	244
1	0	0
1	90	244
1	80	244
1	220	459
1	0	0
1	0	0
1	0	0
1	0	0
1	0	0
1	0	0
1	0	0
1	0	0
1	0	0
1	0	0
1	0	0
1	0	0
1	0	0
1	0	0
1	0	0
1	0	0
1	0	0
1	0	0
1	0	0
1	0	0
1	0	0
1	0	0
1	0	0
1	0	0
1	0	0
1	0	0
1	0	0
1	0	0
1	0	0
1	0	0
1	0	0
1	0	0
1	0	0
1	220	458
1	170	486
1	70	242
1	210	454
1	0	0
1	0	0
1	0	0
1	0	0
1	0	0
1	0	0
1	0	0
1	0	0
1	0	0
1	0	0
1	0	0
1	0	0
1	0	0
1	0	0
1	0	0
1	0	0
1	0	0
1	0	0
1	0	0
1	0	0
1	0	0
1	10	0
1	0	0
1	0	0
1	0	0
1	0	0
1	0	0
1	0	0
1	0	0
1	80	241
1	0	0
1	80	241
1	0	0
1	0	0
1	210	451
1	0	0
1	200	450
1	0	0
1	0	0
1	210	449
1	80	238
1	0	0
1	170	478
1	0	0
1	220	445
1	80	237
1	0	0
1	0	0
1	80	237
1	0	0
1	0	0
1	0	0
1	0	0
1	0	0
1	0	0
1	0	0
1	0	0
1	0	0
1	0	0
1	0	0
1	80	237
1	90	237
1	0	0
1	0	0
1	0	0
1	80	237
1	200	439
1	80	236
1	0	0
1	190	437
1	90	235
1	200	435
1	200	434
1	0	0
1	0	0
1	0	0
1	0	0
1	0	0
1	0	0
1	0	0
1	0	0
1	0	0
1	0	0
1	0	0
1	0	0
1	0	0
1	90	233
1	0	0
1	0	0
1	0	0
1	0	0
1	0	0
1	0	0
1	0	0
1	0	0
1	0	0
1	0	0
1	80	233
1	0	0
1	0	0
1	0	0
1	0	0
1	210	431
1	0	0
1	150	466
1	0	0
1	0	0
1	0	0
1	0	0
1	0	0
1	200	428
1	90	231
1	190	426
1	0	0
1	0	0
1	80	230
1	0	0
1	0	0
1	0	0
1	0	0
1	0	0
1	0	0
1	0	0
1	0	0
1	0	0
1	0	0
1	0	0
1	0	0
1	0	0
1	0	0
1	0	0
1	0	0
1	0	0
1	0	0
1	0	0
1	0	0
1	0	0
1	0	0
1	0	0
1	0	0
1	0	0
1	0	0
1	0	0
1	0	0
1	70	230
1	80	230
1	0	0
1	0	0
1	180	422
1	80	229
1	0	0
1	0	0
1	0	0
1	0	0
1	0	0
1	0	0
1	0	0
1	0	0
1	0	0
1	150	460
1	200	418
1	80	228
1	190	416
1	0	0
1	0	0
1	0	0
1	0	0
1	0	0
1	0	0
1	80	227
1	0	0
1	190	414
1	90	226
1	0	0
1	190	412
1	200	411
1	80	224
1	0	0
1	0	0
1	70	224
1	0	0
1	190	408
1	80	223
1	0	0
1	190	406
1	0	0
1	190	405
1	70	221
1	70	221
1	190	402
1	0	0
1	80	220
1	0	0
1	0	0
1	0	0
1	180	400
1	70	219
1	0	0
1	80	219
1	190	397
1	0	0
1	180	396
1	80	217
1	0	0
1	0	0
1	0	0
1	0	0
1	0	0
1	0	0
1	0	0
1	0	0
1	0	0
1	0	0
1	0	0
1	70	217
1	0	0
1	0	0
1	0	0
1	160	393
1	0	0
1	0	0
1	180	392
1	210	651
1	150	432
1	0	0
1	0	0
1	0	0
1	0	0
1	0	0
1	0	0
1	0	0
1	60	215
1	0	0
1	0	0
1	70	215
1	0	0
1	190	384
1	0	0
1	0	0
1	0	0
1	0	0
1	0	0
1	0	0
1	0	0
1	70	214
1	0	0
1	150	430
1	0	0
1	0	0
1	0	0
1	0	0
1	0	0
1	0	0
1	0	0
1	0	0
1	0	0
1	0	0
1	0	0
1	0	0
1	0	0
1	0	0
1	0	0
1	0	0
1	0	0
1	0	0
1	0	0
1	190	380
1	60	213
1	0	0
1	10	0
1	60	213
1	70	213
1	0	0
1	70	213
1	140	375
1	0	0
1	0	0
1	0	0
1	180	374
1	70	211
1	0	0
1	0	0
1	0	0
1	0	0
1	0	0
1	0	0
1	140	424
1	60	211
1	180	369
1	0	0
1	0	0
1	0	0
1	160	368
1	0	0
1	0	0
1	0	0
1	0	0
1	180	367
1	60	208
1	70	208
1	0	0
1	170	364
1	0	0
1	0	0
1	0	0
1	0	0
1	80	207
1	0	0
1	0	0
1	0	0
1	0	0
1	0	0
1	0	0
1	0	0
1	0	0
1	0	0
1	0	0
1	0	0
1	0	0
1	0	0
1	0	0
1	0	0
1	0	0
1	0	0
1	0	0
1	0	0
1	0	0
1	0	0
1	160	362
1	0	0
1	0	0
1	160	361
1	0	0
1	70	205
1	0	0
1	170	359
1	0	0
1	0	0
1	0	0
1	0	0
1	160	358
1	0	0
1	0	0
1	0	0
1	0	0
1	0	0
1	70	203
1	0	0
1	180	356
1	0	0
1	0	0
1	60	202
1	0	0
1	170	354
1	0	0
1	80	201
1	0	0
1	0	0
1	60	201
1	80	201
1	150	350
1	0	0
1	0	0
1	0	0
1	70	200
1	0	0
1	160	348
1	160	347
1	0	0
1	0	0
1	0	0
1	0	0
1	0	0
1	0	0
1	0	0
1	0	0
1	0	0
1	160	346
1	120	396
1	140	343
1	150	342
1	60	195
1	150	340
1	0	0
1	0	0
1	0	0
1	60	194
1	0	0
1	0	0
1	0	0
1	70	194
1	150	337
1	170	336
1	0	0
1	0	0
1	0	0
1	0	0
1	0	0
1	0	0
1	0	0
1	60	192
1	160	334
1	0	0
1	0	0
1	160	333
1	0	0
1	0	0
1	160	332
1	0	0
1	0	0
1	160	331
1	70	188
1	0	0
1	0	0
1	0	0
1	60	188
1	160	328
1	0	0
1	0	0
1	0	0
1	60	187
1	60	187
1	160	325
1	0	0
1	150	324
1	0	0
1	0	0
1	0	0
1	0	0
1	0	0
1	0	0
1	0	0
1	60	185
1	160	322
1	0	0
1	0	0
1	0	0
1	0	0
1	0	0
1	0	0
1	0	0
1	0	0
1	0	0
1	0	0
1	0	0
1	0	0
1	0	0
1	0	0
1	0	0
1	0	0
1	0	0
1	0	0
1	0	0
1	0	0
1	0	0
1	0	0
1	70	184
1	0	0
1	0	0
1	0	0
1	0	0
1	0	0
1	0	0
1	0	0
1	0	0
1	0	0
1	0	0
1	60	184
1	0	0
1	0	0
1	0	0
1	0	0
1	0	0
1	0	0
1	0	0
1	70	184
1	0	0
1	0	0
1	150	318
1	0	0
1	0	0
1	0	0
1	0	0
1	0	0
1	0	0
1	0	0
1	0	0
1	0	0
1	0	0
1	0	0
1	0	0
1	0	0
1	150	317
1	0	0
1	60	182
1	0	0
1	140	315
1	0	0
1	0	0
1	0	0
1	0	0
1	60	181
1	0	0
1	0	0
1	60	181
1	0	0
1	130	312
1	0	0
1	0	0
1	0	0
1	140	311
1	0	0
1	0	0
1	60	179
1	0	0
1	0	0
1	0	0
1	130	309
1	0	0
1	0	0
1	60	178
1	140	307
1	0	0
1	0	0
1	0	0
1	0	0
1	0	0
1	0	0
1	150	306
1	120	354
1	50	176
1	140	302
1	0	0
1	0	0
1	130	301
1	0	0
1	0	0
1	0	0
1	0	0
1	130	300
1	0	0
1	0	0
1	140	299
1	0	0
1	0	0
1	0	0
1	0	0
1	0	0
1	0	0
1	10	0
1	0	0
1	0	0
1	0	0
1	0	0
1	0	0
1	0	0
1	0	0
1	0	0
1	0	0
1	0	0
1	0	0
1	0	0
1	0	0
1	0	0
1	0	0
1	0	0
1	0	0
1	0	0
1	0	0
1	0	0
1	0	0
1	0	0
1	0	0
1	0	0
1	0	0
1	0	0
1	0	0
1	0	0
1	0	0
1	0	0
1	0	0
1	60	172
1	0	0
1	0	0
1	0	0
1	0	0
1	0	0
1	0	0
1	0	0
1	0	0
1	0	0
1	0	0
1	0	0
1	0	0
1	0	0
1	0	0
1	0	0
1	0	0
1	0	0
1	0	0
1	0	0
1	0	0
1	0	0
1	0	0
1	0	0
1	0	0
1	0	0
1	0	0
1	0	0
1	0	0
1	0	0
1	0	0
1	0	0
1	0	0
1	0	0
1	0	0
1	0	0
1	0	0
1	0	0
1	0	0
1	0	0
1	0	0
1	0	0
1	0	0
1	0	0
1	0	0
1	0	0
1	0	0
1	0	0
1	0	0
1	0	0
1	120	297
1	0	0
1	0	0
1	0	0
1	0	0
1	0	0
1	0	0
1	0	0
1	0	0
1	0	0
1	0	0
1	0	0
1	0	0
1	0	0
1	0	0
1	0	0
1	0	0
1	0	0
1	0	0
1	0	0
1	0	0
1	0	0
1	0	0
1	0	0
1	0	0
1	0	0
1	0	0
1	0	0
1	0	0
1	0	0
1	0	0
1	0	0
1	0	0
1	0	0
1	0	0
1	0	0
1	140	296
1	0	0
1	60	170
1	0	0
1	0	0
1	0	0
1	0	0
1	0	0
1	130	294
1	0	0
1	0	0
1	0	0
1	130	293
1	0	0
1	0	0
1	0	0
1	110	292
1	120	291
1	0	0
1	0	0
1	0	0
1	0	0
1	0	0
1	0	0
1	0	0
1	0	0
1	0	0
1	0	0
1	0	0
1	0	0
1	0	0
1	0	0
1	0	0
1	0	0
1	0	0
1	0	0
1	0	0
1	0	0
1	0	0
1	0	0
1	10	0
1	0	0
1	0	0
1	0	0
1	0	0
1	0	0
1	50	166
1	0	0
1	0	0
1	0	0
1	0	0
1	0	0
1	0	0
1	0	0
1	50	166
1	50	166
1	0	0
1	0	0
1	120	287
1	0	0
1	0	0
1	0	0
1	0	0
1	0	0
1	0	0
1	0	0
1	0	0
1	0	0
1	0	0
1	0	0
1	0	0
1	0	0
1	0	0
1	0	0
1	0	0
1	0	0
1	0	0
1	0	0
1	50	165
1	0	0
1	0	0
1	120	285
1	0	0
1	0	0
1	0	0
1	0	0
1	0	0
1	0	0
1	0	0
1	0	0
1	0	0
1	0	0
1	0	0
1	0	0
1	0	0
1	0	0
1	0	0
1	0	0
1	0	0
1	50	164
1	0	0
1	110	283
1	0	0
1	110	328
1	100	280
1	120	279
1	120	278
1	120	277
1	110	276
1	0	0
1	0	0
1	0	0
1	0	0
1	0	0
1	0	0
1	0	0
1	0	0
1	0	0
1	0	0
1	0	0
1	0	0
1	0	0
1	0	0
1	0	0
1	0	0
1	0	0
1	0	0
1	0	0
1	0	0
1	0	0
1	0	0
1	0	0
1	0	0
1	0	0
1	0	0
1	0	0
1	0	0
1	0	0
1	110	275
1	0	0
1	0	0
1	0	0
1	0	0
1	40	157
1	50	157
1	110	272
1	0	0
1	120	271
1	0	0
1	0	0
1	50	155
1	100	269
1	50	154
1	120	267
1	100	308
1	110	264
1	0	0
1	0	0
1	50	152
1	0	0
1	0	0
1	90	262
1	0	0
1	100	261
1	50	150
1	110	259
1	0	0
1	0	0
1	0	0
1	0	0
1	0	0
1	0	0
1	100	258
1	50	148
1	0	0
1	90	256
1	0	0
1	0	0
1	0	0
1	0	0
1	50	147
1	0	0
1	100	254
1	0	0
1	0	0
1	0	0
1	0	0
1	100	253
1	40	145
1	0	0
1	110	251
1	40	144
1	0	0
1	0	0
1	0	0
1	0	0
1	0	0
1	100	249
1	90	248
1	0	0
1	90	247
1	50	141
1	0	0
1	90	245
1	90	244
1	100	243
1	80	278
1	40	138
1	100	239
1	100	238
1	100	237
1	50	135
1	0	0
1	0	0
1	90	235
1	0	0
1	0	0
1	0	0
1	0	0
1	0	0
1	0	0
1	0	0
1	0	0
1	0	0
1	0	0
1	0	0
1	0	0
1	0	0
1	0	0
1	0	0
1	0	0
1	0	0
1	90	234
1	90	233
1	0	0
1	0	0
1	0	0
1	0	0
1	0	0
1	0	0
1	0	0
1	0	0
1	0	0
1	0	0
1	0	0
1	40	132
1	0	0
1	0	0
1	40	132
1	90	230
1	40	131
1	0	0
1	0	0
1	0	0
1	0	0
1	0	0
1	0	0
1	40	131
1	0	0
1	0	0
1	0	0
1	0	0
1	40	131
1	0	0
1	80	226
1	0	0
1	10	0
1	0	0
1	80	262
1	0	0
1	90	223
1	0	0
1	0	0
1	0	0
1	40	129
1	0	0
1	0	0
1	50	129
1	40	129
1	90	219
1	0	0
1	90	218
1	90	217
1	80	216
1	90	215
1	0	0
1	40	124
1	100	213
1	80	212
1	0	0
1	0	0
1	90	211
1	40	121
1	40	121
1	90	208
1	0	0
1	90	207
1	0	0
1	80	240
1	0	0
1	90	204
1	40	118
1	80	202
1	0	0
1	0	0
1	40	117
1	0	0
1	90	200
1	70	199
1	80	198
1	0	0
1	40	114
1	70	196
1	0	0
1	0	0
1	0	0
1	0	0
1	0	0
1	80	228
1	80	193
1	90	192
1	40	111
1	70	190
1	30	110
1	0	0
1	40	110
1	80	187
1	40	109
1	0	0
1	70	185
1	0	0
1	0	0
1	80	184
1	60	183
1	70	182
1	0	0
1	0	0
1	0	0
1	0	0
1	0	0
1	30	105
1	70	180
1	80	179
1	0	0
1	0	0
1	30	103
1	0	0
1	0	0
1	0	0
1	0	0
1	0	0
1	0	0
1	0	0
1	0	0
1	0	0
1	0	0
1	0	0
1	0	0
1	0	0
1	10	0
1	70	177
1	0	0
1	0	0
1	0	0
1	20	102
1	0	0
1	70	175
1	0	0
1	0	0
1	0	0
1	0	0
1	80	174
1	0	0
1	30	100
1	70	172
1	0	0
1	80	171
1	0	0
1	70	170
1	0	0
1	0	0
1	0	0
1	0	0
1	70	169
1	30	96
1	0	0
1	0	0
1	0	0
1	0	0
1	0	0
1	0	0
1	0	0
1	0	0
1	0	0
1	60	167
1	0	0
1	0	0
1	0	0
1	0	0
1	80	166
1	30	94
1	0	0
1	60	164
1	0	0
1	0	0
1	0	0
1	0	0
1	0	0
1	70	163
1	0	0
1	0	0
1	0	0
1	0	0
1	0	0
1	20	92
1	70	161
1	0	0
1	0	0
1	0	0
1	0	0
1	0	0
1	0	0
1	0	0
1	0	0
1	0	0
1	0	0
1	0	0
1	60	184
1	60	158
1	0	0
1	70	157
1	0	0
1	30	89
1	0	0
1	0	0
1	30	89
1	0	0
1	0	0
1	0	0
1	0	0
1	0	0
1	0	0
1	0	0
1	30	89
1	0	0
1	60	153
1	60	152
1	70	151
1	60	150
1	0	0
1	0	0
1	0	0
1	20	85
1	60	148
1	50	147
1	70	146
1	0	0
1	30	82
1	60	144
1	60	143
1	60	142
1	50	141
1	70	140
1	0	0
1	50	139
1	60	138
1	40	137
1	0	0
1	0	0
1	50	136
1	0	0
1	0	0
1	0	0
1	0	0
1	60	135
1	0	0
1	0	0
1	0	0
1	50	134
1	60	133
1	60	132
1	0	0
1	0	0
1	0	0
1	0	0
1	0	0
1	50	131
1	0	0
1	0	0
1	0	0
1	0	0
1	0	0
1	30	68
1	50	129
1	60	128
1	50	127
1	20	65
1	60	125
1	0	0
1	0	0
1	0	0
1	70	198
1	50	121
1	0	0
1	50	120
1	0	0
1	0	0
1	0	0
1	0	0
1	60	119
1	0	0
1	20	61
1	0	0
1	50	117
1	0	0
1	40	122
1	0	0
1	0	0
1	20	60
1	0	0
1	50	113
1	0	0
1	0	0
1	0	0
1	0	0
1	0	0
1	0	0
1	0	0
1	0	0
1	40	120
1	0	0
1	10	59
1	60	183
1	40	120
1	20	59
1	40	103
1	0	0
1	0	0
1	30	58
1	0	0
1	20	58
1	10	58
1	40	99
1	50	98
1	40	97
1	0	0
1	0	0
1	0	0
1	30	96
1	40	95
1	40	94
1	0	0
1	50	93
1	0	0
1	20	51
1	0	0
1	0	0
1	40	91
1	10	50
1	0	0
1	40	89
1	0	0
1	0	0
1	0	0
1	0	0
1	0	0
1	40	88
1	30	87
1	40	86
1	30	94
1	40	83
1	10	45
1	40	81
1	30	80
1	40	79
1	0	0
1	30	78
1	20	41
1	30	76
1	30	82
1	10	0
1	30	73
1	10	39
1	40	71
1	0	0
1	0	0
1	10	38
1	30	78
1	40	67
1	10	37
1	30	65
1	0	0
1	30	64
1	40	63
1	0	0
1	0	0
1	0	0
1	0	0
1	10	34
1	0	0
1	30	61
1	0	0
1	10	33
1	0	0
1	0	0
1	0	0
1	10	33
1	0	0
1	0	0
1	0	0
1	10	33
1	20	57
1	0	0
1	0	0
1	0	0
1	0	0
1	0	0
1	0	0
1	10	32
1	30	55
1	0	0
1	30	54
1	10	30
1	30	52
1	30	51
1	30	50
1	0	0
1	0	0
1	0	0
1	0	0
1	0	0
1	0	0
1	0	0
1	0	0
1	0	0
1	0	0
1	0	0
1	0	0
1	0	0
1	0	0
1	0	0
1	0	0
1	0	0
1	0	0
1	0	0
1	0	0
1	0	0
1	0	0
1	0	0
1	0	0
1	20	49
1	0	0
1	0	0
1	0	0
1	0	0
1	0	0
1	20	54
1	0	26
1	20	45
1	0	0
1	0	0
1	0	0
1	0	0
1	0	0
1	0	0
1	0	0
1	0	0
1	0	0
1	0	0
1	10	25
1	20	43
1	0	0
1	0	0
1	0	0
1	10	24
1	0	0
1	20	41
1	0	0
1	0	0
1	0	0
1	0	0
1	0	0
1	0	0
1	10	23
1	0	0
1	10	23
1	0	0
1	10	38
1	0	0
1	0	0
1	0	0
1	0	0
1	0	0
1	0	0
1	0	0
1	0	0
1	0	0
1	0	0
1	0	0
1	0	0
1	0	0
1	0	0
1	0	0
1	10	22
1	10	22
1	0	0
1	20	35
1	0	0
1	10	34
1	0	0
1	0	0
1	0	0
1	0	0
1	0	0
1	10	20
1	0	0
1	0	0
1	0	0
1	0	20
1	0	0
1	0	0
1	0	0
1	0	0
1	20	31
1	10	30
1	0	0
1	0	0
1	0	0
1	0	0
1	0	0
1	10	29
1	0	0
1	0	0
1	20	28
1	0	16
1	10	26
1	20	25
1	0	0
1	0	0
1	0	0
1	0	0
1	10	24
1	0	0
1	0	0
1	0	0
1	0	0
1	0	0
1	0	0
1	0	0
1	0	0
1	0	0
1	10	23
1	0	0
1	0	0
1	0	0
1	0	0
1	0	0
1	0	0
1	0	0
1	0	0
1	10	22
1	20	21
1	10	20
1	0	0
1	0	9
1	0	0
1	0	0
1	10	9
1	0	17
1	0	0
1	10	8
1	0	15
1	0	0
1	10	14
1	0	0
1	0	0
1	0	0
1	0	0
1	0	0
1	0	0
1	0	0
1	10	6
1	0	0
1	0	0
1	0	0
1	0	6
1	0	11
1	0	0
1	0	0
1	0	0
1	0	0
1	0	0
1	0	5
1	0	0
1	0	0
1	0	0
1	0	0
1	0	0
1	0	0
1	0	0
1	0	0
1	0	0
1	0	0
1	0	0
1	0	0
1	0	0
1	0	0
1	0	0
1	0	0
1	10	5
1	0	0
1	0	0
1	0	0
1	0	0
1	0	0
1	0	0
1	0	0
1	0	0
1	0	0
1	0	0
1	0	0
1	0	0
1	0	8
1	0	0
1	0	0
1	0	0
1	0	0
1	0	0
1	0	0
1	0	0
1	0	0
1	0	0
1	0	4
1	0	0
1	10	6
1	0	0
1	0	0
1	0	0
1	0	5
1	0	4
1	0	0
1	0	0
1	0	0
1	0	0
1	0	0
1	0	0
1	0	0
1	0	0
1	0	0
1	0	0
1	0	0
1	0	0
1	0	0
1	0	0
1	0	0
1	0	0
1	0	0
1	0	0
1	0	0
1	10	4
1	0	0
1	0	0
1	0	1
