34	50	48487
34	130	119774
35	80	58312
33	50	51770
37	80	49859
33	60	68966
35	90	91759
36	860	437651
34	160	151674
33	40	33942
33	40	32432
33	130	111784
34	140	127419
34	90	69590
34	30	26804
35	40	34996
33	10	13239
33	50	50779
34	370	366674
35	40	32122
37	100	70549
37	160	114053
36	200	135202
35	380	304584
34	50	44808
37	410	185739
34	30	29323
35	530	364738
35	70	42177
34	40	35072
35	120	97568
38	360	165978
36	250	178769
37	110	63887
36	350	233223
37	350	213461
35	280	207685
37	210	77196
36	140	100686
37	130	75479
37	140	76808
36	350	253125
39	100	49689
36	240	161473
37	200	92233
39	160	66403
38	250	96687
37	130	81007
38	20	14411
36	240	157314
39	350	131914
38	130	82797
39	100	50926
36	270	112050
39	90	43134
39	100	49430
41	170	74508
38	100	54474
37	130	79396
37	170	97659
38	290	87357
39	60	37531
37	210	103944
37	220	124932
39	140	64610
38	200	102156
37	110	51779
37	790	293940
37	210	123451
38	130	67797
39	220	78635
41	280	45734
39	50	32653
39	120	65114
38	150	73989
38	290	120807
39	280	98089
39	200	83140
38	430	108645
41	150	39580
38	100	57587
42	110	29549
40	240	83904
40	420	140550
39	430	189680
42	100	29925
41	220	38351
39	250	85394
39	240	83817
39	290	71366
40	360	85203
44	80	14256
43	40	11413
39	150	59230
41	190	49778
41	150	33840
39	440	137179
40	450	147733
41	120	48400
42	60	20391
42	160	37273
40	510	91628
42	410	74400
42	60	18835
41	200	46622
42	120	41188
40	200	68820
43	80	24148
43	80	18564
45	40	8865
44	140	23217
44	80	15872
43	100	20360
44	100	22556
44	230	29648
42	220	48562
41	220	75001
43	50	13466
43	150	40369
42	390	50815
46	50	8616
45	50	9927
42	150	35275
43	70	13993
44	130	32464
43	70	21827
45	120	14031
45	130	19326
43	70	16504
44	70	15227
44	160	32426
44	190	20990
43	100	23084
43	100	20441
45	100	22205
44	230	28560
45	110	21679
44	70	15017
46	110	12321
44	100	18233
44	150	33667
44	200	19847
46	50	8844
45	110	17461
46	40	12197
47	40	8712
44	180	47855
44	110	17532
45	120	20142
44	190	25528
45	170	19292
45	170	19423
47	50	9634
45	240	23796
45	90	17159
46	140	15297
46	170	18432
46	110	21988
46	110	10234
46	50	13414
48	80	12756
47	120	26571
48	80	7829
46	110	12865
46	100	14131
47	80	9618
47	50	11506
48	40	6710
47	80	10116
47	80	8933
47	120	12180
47	80	11420
48	110	8754
48	100	13354
48	70	8593
50	50	5775
47	110	13618
48	80	9426
47	140	22255
48	110	6696
50	20	5069
49	100	5125
49	50	6462
50	50	5532
48	160	9552
48	100	9015
49	50	6113
50	60	7897
50	50	5348
50	40	4631
50	80	5617
49	70	6134
49	60	5669
50	70	7238
50	70	6210
51	70	6491
49	90	5734
49	100	7266
51	30	5508
49	70	14595
50	100	6672
51	50	5086
51	50	4881
50	70	4962
52	60	4705
51	50	5829
50	110	6322
50	120	5242
51	60	5012
52	60	4632
52	70	6620
52	80	6789
51	80	7232
51	90	3750
52	40	5622
53	30	4594
52	40	3179
53	60	3962
53	30	4491
51	90	3879
53	30	3363
55	20	1695
52	110	3620
52	50	3426
53	30	5426
53	120	6427
52	60	3640
54	30	2371
52	130	4530
55	10	2333
54	60	4928
53	40	3655
53	60	5147
53	60	2793
54	30	2880
55	20	2433
53	50	3726
53	50	2751
54	40	3885
54	30	2611
54	30	4194
54	70	2921
55	40	2275
54	50	2660
54	60	2933
55	50	2645
55	40	2190
54	50	2699
54	40	2932
55	40	2142
55	50	1831
56	50	2197
55	60	2798
55	60	2976
56	50	2769
57	20	2561
56	20	1910
55	40	3432
57	50	3785
55	30	3207
57	30	1728
57	50	2334
57	30	2128
56	40	3218
56	50	2153
56	50	2418
56	20	2001
56	60	2068
57	30	1831
56	40	1361
59	20	1223
59	20	1618
57	40	1225
57	30	1858
58	30	3484
57	40	3561
58	20	2217
57	50	2400
59	20	1308
57	40	2153
58	60	1897
59	30	1324
59	50	1556
58	40	1147
58	40	1229
58	50	1553
58	50	1079
58	70	2189
58	40	2146
58	30	2069
60	20	761
59	20	1463
59	30	1623
60	30	1548
59	30	1230
59	40	2235
60	10	1633
59	20	807
59	20	772
59	40	823
60	20	1187
61	20	1235
60	20	894
61	20	1190
61	30	877
60	40	1302
61	20	675
61	30	1019
61	40	2061
60	30	1650
62	30	850
62	20	671
62	20	1358
61	30	827
61	30	1123
61	30	1283
61	20	663
61	20	1983
63	20	757
61	30	282
62	20	1359
62	30	851
62	20	1340
64	20	1053
62	20	482
64	20	807
62	50	1279
62	20	1031
63	20	1941
62	20	1046
63	30	939
64	20	505
63	40	1297
64	10	870
63	20	1226
63	20	601
63	20	621
63	30	1028
63	10	1057
63	50	809
64	20	601
64	20	1172
64	20	681
64	30	403
64	20	1178
64	20	573
64	20	531
65	10	907
64	40	1302
64	20	848
65	20	542
65	20	567
65	20	652
65	30	627
65	20	490
66	30	848
66	20	327
66	20	409
65	20	258
66	20	529
66	30	194
66	30	693
66	20	455
67	40	680
66	30	661
67	10	556
67	30	726
67	20	862
66	20	228
66	20	991
67	20	353
67	30	276
67	20	725
67	30	328
67	10	405
67	20	721
67	20	1044
67	20	574
67	20	507
67	20	346
68	20	438
68	20	140
68	20	149
68	10	466
68	20	956
68	50	776
68	30	683
68	20	341
68	20	219
69	20	353
70	10	445
69	10	526
69	20	451
69	30	275
69	20	309
69	20	117
69	10	486
69	30	343
69	10	510
69	20	188
70	10	329
71	20	544
70	10	206
70	20	418
70	10	430
70	10	354
70	20	186
70	10	703
70	20	91
70	20	235
71	10	192
71	20	173
71	10	167
71	10	183
71	20	246
71	10	259
71	20	247
71	10	113
72	10	152
71	30	171
72	10	152
72	10	80
72	10	291
73	10	143
73	10	368
72	20	263
72	20	445
72	10	116
72	20	218
73	10	212
73	20	234
73	0	123
73	20	133
73	20	160
74	10	214
73	20	244
73	10	94
73	10	104
73	20	284
73	20	163
74	10	91
74	10	141
74	10	163
74	10	23
74	20	103
74	10	73
74	10	25
74	10	27
75	10	128
74	20	275
75	0	89
75	20	115
75	10	207
75	10	39
75	10	122
75	0	177
75	10	233
75	10	43
75	10	92
75	20	266
76	10	192
76	10	85
76	20	94
76	10	118
76	20	134
76	0	58
76	10	87
76	30	353
76	10	25
76	10	136
77	20	44
77	10	56
77	10	52
77	10	118
77	10	142
77	10	25
77	10	38
77	20	133
77	10	172
77	10	158
78	10	307
78	20	109
78	10	53
78	10	50
78	10	63
78	20	101
78	10	14
78	10	92
78	10	115
78	10	116
79	20	71
79	20	110
79	10	70
80	10	223
79	0	4
79	10	5
79	20	172
79	10	127
79	10	151
79	10	0
80	10	66
80	10	36
80	10	187
80	10	59
80	10	30
80	10	31
80	10	84
80	10	4
80	10	25
80	20	67
81	20	64
81	0	116
81	10	5
81	10	78
81	10	31
81	0	7
81	10	117
81	10	32
81	10	78
81	10	8
82	10	43
82	10	44
82	10	17
82	10	0
82	0	68
82	10	31
82	20	31
82	10	100
82	10	8
82	0	56
83	10	28
83	10	0
83	10	54
83	10	29
83	10	3
83	0	42
83	10	94
84	10	52
83	10	11
83	20	71
84	0	66
84	20	79
84	10	50
84	0	108
84	10	20
84	10	49
85	10	158
85	0	28
84	10	5
84	10	13
85	0	26
85	20	19
86	0	43
85	10	19
85	10	62
85	10	0
85	0	29
85	10	28
85	10	5
85	10	0
86	0	21
86	10	0
86	10	66
87	10	14
86	0	0
86	10	24
86	10	28
86	10	0
86	10	0
86	10	8
87	0	15
87	10	33
87	10	2
87	0	3
87	10	0
87	10	43
87	10	0
87	0	0
87	10	13
87	10	23
88	10	83
89	0	23
88	10	0
88	0	3
88	10	10
88	10	0
88	10	1
88	0	13
88	10	7
88	10	0
89	10	0
89	10	17
89	10	11
89	0	5
89	10	2
89	0	17
89	10	56
89	10	0
89	10	61
89	0	10
90	20	35
90	0	22
90	10	0
90	10	54
90	10	64
90	0	5
90	10	5
90	10	42
90	0	0
90	10	1
91	10	16
91	0	23
91	10	4
91	0	0
91	10	25
91	10	42
91	0	0
91	10	37
91	0	2
91	10	12
92	10	14
92	10	2
92	0	0
92	10	8
92	0	1
93	10	41
92	10	26
92	10	8
92	0	18
92	10	17
93	0	2
93	10	14
93	0	5
93	10	50
93	10	0
93	0	5
93	10	15
93	10	5
93	0	0
93	10	0
94	10	0
94	0	0
94	10	0
94	0	0
94	10	12
94	10	38
94	0	0
94	10	0
94	0	24
94	10	0
95	10	0
95	0	0
95	0	0
95	10	7
95	10	0
95	0	7
96	0	6
95	0	0
95	10	2
95	0	0
96	0	2
96	10	14
96	0	0
96	10	0
96	0	0
96	10	18
96	0	5
96	10	0
96	0	0
96	10	0
97	0	6
97	10	8
97	0	0
97	10	1
97	0	7
97	10	0
97	0	4
97	10	0
97	0	0
97	10	2
98	0	0
98	0	0
98	10	0
98	0	0
98	10	1
98	0	0
98	10	0
98	0	0
98	10	0
98	0	0
99	10	7
99	0	8
99	10	0
99	0	12
99	10	0
99	0	0
99	10	0
99	0	2
99	10	1
99	0	15
100	10	0
100	0	0
100	0	0
100	10	3
100	0	0
100	10	0
100	0	0
100	10	0
100	0	0
100	10	0
101	0	0
101	10	0
101	0	13
101	10	0
101	0	0
101	10	0
101	0	0
101	10	0
101	0	0
101	10	0
102	0	0
102	10	7
102	0	11
102	10	5
102	10	0
102	0	6
102	0	0
102	10	0
102	0	0
102	10	0
103	0	0
103	10	0
103	0	5
103	10	10
103	0	0
103	10	0
103	0	1
103	10	0
103	0	0
103	10	2
104	0	0
104	10	9
104	0	1
104	10	0
104	0	0
104	0	2
104	10	0
104	0	0
104	10	0
104	0	0
105	0	0
105	10	0
105	0	5
105	10	0
105	0	0
105	10	0
105	0	4
105	0	0
105	10	0
105	0	2
106	10	0
106	0	1
106	10	0
106	0	0
107	10	1
106	0	0
106	0	1
106	10	0
106	0	0
106	10	0
107	0	0
107	0	0
107	10	0
107	0	9
107	10	0
107	0	0
107	10	0
108	0	7
107	0	0
107	10	0
108	0	0
108	10	4
108	0	0
108	10	0
108	0	0
108	0	0
108	10	0
108	0	0
108	10	0
108	0	0
109	0	0
109	10	0
109	0	4
109	10	0
109	0	0
109	10	0
109	0	0
109	0	0
109	10	0
109	0	0
110	0	0
110	10	0
110	0	0
110	0	2
110	10	0
110	0	0
110	10	0
111	0	0
110	10	0
110	0	0
111	10	0
111	0	0
111	0	0
111	10	0
111	0	0
111	10	0
111	0	0
111	0	0
111	10	0
111	0	0
112	10	0
112	0	0
112	0	0
112	10	0
112	0	0
112	10	0
112	0	0
112	10	0
112	0	0
112	0	0
113	10	0
113	0	0
113	0	0
113	10	0
113	0	0
113	10	0
113	0	0
113	0	6
113	10	0
113	0	0
114	10	0
114	0	0
114	0	0
114	10	0
114	0	0
114	0	0
114	10	0
114	0	0
114	0	0
114	10	0
115	0	0
115	10	0
115	0	0
115	0	0
115	10	0
115	0	0
115	0	0
115	10	0
115	0	0
115	0	0
116	10	0
116	0	0
116	10	0
116	0	0
116	0	0
116	10	0
116	0	0
116	10	0
116	0	0
116	0	0
117	10	0
117	0	0
117	0	0
117	10	0
117	0	0
117	0	0
117	10	0
117	0	0
117	0	0
117	10	0
118	0	0
118	10	1
118	0	0
118	0	0
118	10	0
118	0	0
118	0	0
118	10	0
118	0	0
118	0	0
119	10	0
119	0	0
119	0	0
119	10	0
119	0	0
119	0	0
119	10	0
119	0	0
119	10	0
119	0	0
120	0	0
120	0	0
120	0	0
120	0	0
120	10	0
120	0	0
120	0	0
120	0	0
120	10	0
120	0	0
121	0	0
121	10	0
121	0	0
121	0	0
121	10	0
121	0	0
121	0	0
121	10	0
121	0	0
121	0	0
122	10	0
122	0	0
122	0	0
122	10	0
122	0	0
122	0	0
122	10	0
122	0	0
122	0	0
122	0	0
123	0	0
123	0	0
123	10	0
123	0	0
123	0	0
123	10	0
123	0	0
123	10	0
123	0	0
123	0	0
124	0	0
124	10	0
124	0	0
124	0	0
124	10	0
124	0	0
124	0	0
124	10	0
124	0	0
124	0	0
125	10	0
125	0	0
125	0	0
125	10	0
125	0	0
125	0	0
125	10	0
125	0	0
125	0	0
125	10	0
126	0	0
126	0	0
126	10	0
126	0	0
126	0	0
126	10	0
126	0	0
126	0	0
126	10	0
126	0	0
127	0	0
127	10	0
127	0	0
127	0	0
127	0	0
127	10	0
127	0	0
127	0	0
127	10	0
127	0	0
128	10	0
128	0	0
128	0	0
128	0	0
128	10	0
128	0	0
128	0	0
128	10	0
128	0	0
128	10	0
129	0	0
129	0	0
129	0	0
129	10	0
129	0	0
129	0	0
129	10	0
129	0	0
129	10	0
129	0	0
130	0	0
130	0	0
130	10	0
130	0	0
130	0	0
130	10	0
130	0	0
130	0	0
130	10	0
130	0	0
131	0	0
131	10	0
131	0	0
131	0	0
131	10	0
131	0	0
131	0	0
131	0	0
131	10	0
131	0	0
132	0	0
132	10	0
132	0	0
132	0	0
132	10	0
132	0	0
132	0	0
132	10	0
132	0	0
132	0	0
133	10	0
133	0	0
133	0	0
133	10	0
133	0	0
133	0	0
133	0	0
133	10	0
133	0	0
133	0	0
134	10	0
134	0	0
134	0	0
134	10	0
134	0	0
134	0	0
134	10	0
134	0	0
134	0	0
134	10	0
135	0	0
135	0	0
135	10	0
135	0	0
135	0	0
135	10	0
135	0	0
135	0	0
135	0	0
135	10	0
136	0	0
136	0	0
136	10	0
136	0	0
136	0	0
136	0	0
136	10	0
136	0	0
136	0	0
136	10	0
137	0	0
137	0	0
137	10	0
137	0	0
137	0	0
137	0	0
137	10	0
137	0	0
137	0	0
137	0	0
138	10	0
138	0	0
138	0	0
138	10	0
138	0	0
138	0	0
138	10	0
138	0	0
138	0	0
138	10	0
139	0	0
139	0	0
139	10	0
139	0	0
139	0	0
139	0	0
139	10	0
139	0	0
139	0	0
139	10	0
140	0	0
140	0	0
140	0	0
140	10	0
140	0	0
140	0	0
140	10	0
140	0	0
140	0	0
140	10	0
141	0	0
141	0	0
141	10	0
141	0	0
141	0	0
141	0	0
141	10	0
141	0	0
141	0	0
141	10	0
142	0	0
142	0	0
142	0	0
142	10	0
142	0	0
142	10	0
142	0	0
142	0	0
142	0	0
142	10	0
143	0	0
143	0	0
143	10	0
143	0	0
143	0	0
143	0	0
143	10	0
143	0	0
143	0	0
143	10	0
144	0	0
144	0	0
144	0	0
144	10	0
144	0	0
144	0	0
144	10	0
144	0	0
144	0	0
144	10	0
145	0	0
145	0	0
145	0	0
145	10	0
145	0	0
145	0	0
145	10	0
145	0	0
145	0	0
145	0	0
146	10	0
146	0	0
146	0	0
146	10	0
146	0	0
146	0	0
146	0	0
146	10	0
146	0	0
146	0	0
147	10	0
147	0	0
147	0	0
147	0	0
147	10	0
147	0	0
147	0	0
147	0	0
147	10	0
147	0	0
148	0	0
148	10	0
148	0	0
148	0	0
148	10	0
148	0	0
148	0	0
148	10	0
148	0	0
148	0	0
149	0	0
149	10	0
149	0	0
149	0	0
149	10	0
149	0	0
149	0	0
149	0	0
149	10	0
149	0	0
150	0	0
150	10	0
150	0	0
150	0	0
150	10	0
150	0	0
150	0	0
150	0	0
150	10	0
150	0	0
151	0	0
151	10	0
151	0	0
151	0	0
151	0	0
151	10	0
151	0	0
151	0	0
151	10	0
151	0	0
152	0	0
152	0	0
152	10	0
152	0	0
152	0	0
152	10	0
152	0	0
152	0	0
152	10	0
152	0	0
153	0	0
153	10	0
153	0	0
153	0	0
153	0	0
153	10	0
153	0	0
153	0	0
153	10	0
153	0	0
154	0	0
154	0	0
154	10	0
154	0	0
154	0	0
154	10	0
154	0	0
154	0	0
154	0	0
154	10	0
155	0	0
155	0	0
155	0	0
155	10	0
155	0	0
155	0	0
155	10	0
155	0	0
155	0	0
155	0	0
156	10	0
156	0	0
156	0	0
156	10	0
156	0	0
156	0	0
156	0	0
156	10	0
156	0	0
156	0	0
157	10	0
157	0	0
157	0	0
157	0	0
157	10	0
157	0	0
157	0	0
157	10	0
157	0	0
157	0	0
158	10	0
158	0	0
158	0	0
158	0	0
158	10	0
158	0	0
158	0	0
158	0	0
158	10	0
158	0	0
159	0	0
159	10	0
159	0	0
159	0	0
159	0	0
159	10	0
159	0	0
159	0	0
159	10	0
159	0	0
160	0	0
160	10	0
160	0	0
160	0	0
160	0	0
160	10	0
160	0	0
160	0	0
160	0	0
160	10	0
161	0	0
161	0	0
161	0	0
161	10	0
161	0	0
161	0	0
161	10	0
161	0	0
161	0	0
161	0	0
162	10	0
162	0	0
162	0	0
162	10	0
162	0	0
162	0	0
162	0	0
162	10	0
162	0	0
162	0	0
163	10	0
163	0	0
163	0	0
163	10	0
163	0	0
163	0	0
163	0	0
163	10	0
163	0	0
163	0	0
164	10	0
164	0	0
164	0	0
164	0	0
164	10	0
164	0	0
164	0	0
164	10	0
164	0	0
164	0	0
165	10	0
165	0	0
165	0	0
165	0	0
165	10	0
165	0	0
165	0	0
165	10	0
165	0	0
165	0	0
166	10	0
166	0	0
166	0	0
166	0	0
166	10	0
166	0	0
166	0	0
166	10	0
166	0	0
166	0	0
167	10	0
167	0	0
167	0	0
167	0	0
167	10	0
167	0	0
167	0	0
167	0	0
167	0	0
167	10	0
168	0	0
168	0	0
168	10	0
168	0	0
168	0	0
168	10	0
168	0	0
168	0	0
168	0	0
168	10	0
169	0	0
169	0	0
169	10	0
169	0	0
169	0	0
169	10	0
169	0	0
169	0	0
169	0	0
169	10	0
170	0	0
170	0	0
170	10	0
170	0	0
170	0	0
170	10	0
170	0	0
170	0	0
170	0	0
170	10	0
171	0	0
171	0	0
171	10	0
171	0	0
171	0	0
171	10	0
171	0	0
171	0	0
171	0	0
171	10	0
172	0	0
172	0	0
172	10	0
172	0	0
172	0	0
172	10	0
172	0	0
172	0	0
172	0	0
172	10	0
173	0	0
173	0	0
173	0	0
173	10	0
173	0	0
173	0	0
173	10	0
173	0	0
173	0	0
173	0	0
174	10	0
174	0	0
174	0	0
174	10	0
174	0	0
174	0	0
174	0	0
174	10	0
174	0	0
174	0	0
175	10	0
175	0	0
175	0	0
175	0	0
175	10	0
175	0	0
175	0	0
175	10	0
175	0	0
175	0	0
176	10	0
176	0	0
176	0	0
176	10	0
176	0	0
176	0	0
176	0	0
176	10	0
176	0	0
176	0	0
177	10	0
177	0	0
177	0	0
177	0	0
177	0	0
177	0	0
177	0	0
177	10	0
177	0	0
177	0	0
178	10	0
178	0	0
178	0	0
178	10	0
178	0	0
178	0	0
178	10	0
178	0	0
178	0	0
178	0	0
179	10	0
179	0	0
179	0	0
179	10	0
179	0	0
179	0	0
179	10	0
179	0	0
179	0	0
179	10	0
180	0	0
180	0	0
180	0	0
180	10	0
180	0	0
180	0	0
180	10	0
180	0	0
180	0	0
180	10	0
181	0	0
181	0	0
181	0	0
181	10	0
181	0	0
181	0	0
181	10	0
181	0	0
181	0	0
181	10	0
182	0	0
182	0	0
182	10	0
182	0	0
182	0	0
182	0	0
182	10	0
182	0	0
182	0	0
182	10	0
183	0	0
183	0	0
183	10	0
183	0	0
183	0	0
183	10	0
183	0	0
183	0	0
183	0	0
183	10	0
184	0	0
184	0	0
184	10	0
184	0	0
184	0	0
184	10	0
184	0	0
184	0	0
184	0	0
184	10	0
185	0	0
185	0	0
185	10	0
185	0	0
185	0	0
185	10	0
185	0	0
185	0	0
185	0	0
185	10	0
186	0	0
186	0	0
186	10	0
186	0	0
186	0	0
186	10	0
186	0	0
186	0	0
186	0	0
186	10	0
187	0	0
187	0	0
187	10	0
187	0	0
187	0	0
187	10	0
187	0	0
187	0	0
187	10	0
187	0	0
188	0	0
188	0	0
188	10	0
188	0	0
188	0	0
188	10	0
188	0	0
188	0	0
188	10	0
188	0	0
189	0	0
189	10	0
189	0	0
189	0	0
189	10	0
189	0	0
189	0	0
189	10	0
189	0	0
189	0	0
190	10	0
190	0	0
190	0	0
190	10	0
190	0	0
190	0	0
190	10	0
190	0	0
190	0	0
190	10	0
191	0	0
191	0	0
191	10	0
191	0	0
191	0	0
191	0	0
191	10	0
191	0	0
191	0	0
191	10	0
192	0	0
192	0	0
192	10	0
192	0	0
192	0	0
192	10	0
192	0	0
192	0	0
192	0	0
192	10	0
193	0	0
193	0	0
193	10	0
193	0	0
193	0	0
193	10	0
193	0	0
193	0	0
193	10	0
193	0	0
194	0	0
194	10	0
194	0	0
194	0	0
194	10	0
194	0	0
194	0	0
194	10	0
194	0	0
194	0	0
195	10	0
195	0	0
195	0	0
195	10	0
195	0	0
195	0	0
195	10	0
195	0	0
195	0	0
195	0	0
196	10	0
196	0	0
196	0	0
196	10	0
196	0	0
196	0	0
196	10	0
196	0	0
196	0	0
196	10	0
197	0	0
197	10	0
197	0	0
197	0	0
197	0	0
197	10	0
197	0	0
197	0	0
197	10	0
197	0	0
198	0	0
198	10	0
198	0	0
198	0	0
198	10	0
198	0	0
198	0	0
198	10	0
198	0	0
198	0	0
199	10	0
199	0	0
199	0	0
199	10	0
199	0	0
199	0	0
199	0	0
199	10	0
199	0	0
199	0	0
200	10	0
200	0	0
200	0	0
200	10	0
200	0	0
200	0	0
200	10	0
200	0	0
200	0	0
200	10	0
201	0	0
201	0	0
201	0	0
201	10	0
201	0	0
201	0	0
201	10	0
201	0	0
201	0	0
201	10	0
202	0	0
202	0	0
202	10	0
202	0	0
202	0	0
202	10	0
202	0	0
202	0	0
202	10	0
202	0	0
203	10	0
203	0	0
203	0	0
203	0	0
203	10	0
203	0	0
203	0	0
203	10	0
203	0	0
203	0	0
204	10	0
204	0	0
204	0	0
204	10	0
204	0	0
204	0	0
204	10	0
204	0	0
204	0	0
204	10	0
205	0	0
205	0	0
205	10	0
205	0	0
205	0	0
205	10	0
205	0	0
205	0	0
205	10	0
205	0	0
206	0	0
206	10	0
206	0	0
206	0	0
206	10	0
206	0	0
206	0	0
206	10	0
206	0	0
206	0	0
207	0	0
207	10	0
207	0	0
207	0	0
207	10	0
207	0	0
207	0	0
207	10	0
207	0	0
207	0	0
208	10	0
208	0	0
208	10	0
208	0	0
208	0	0
208	0	0
208	10	0
208	0	0
208	0	0
208	10	0
209	0	0
209	0	0
209	10	0
209	0	0
209	0	0
209	10	0
209	0	0
209	0	0
209	10	0
209	0	0
210	10	0
210	0	0
210	0	0
210	10	0
210	0	0
210	0	0
210	0	0
210	10	0
210	0	0
210	10	0
211	0	0
211	0	0
211	0	0
211	10	0
211	0	0
211	10	0
211	0	0
211	0	0
211	10	0
211	0	0
212	0	0
212	10	0
212	0	0
212	0	0
212	10	0
212	0	0
212	0	0
212	10	0
212	0	0
212	10	0
213	0	0
213	0	0
213	10	0
213	0	0
213	0	0
213	10	0
213	0	0
213	0	0
213	10	0
213	0	0
214	0	0
214	10	0
214	0	0
214	0	0
214	10	0
214	0	0
214	0	0
214	10	0
214	0	0
214	0	0
215	10	0
215	0	0
215	0	0
215	10	0
215	0	0
215	0	0
215	10	0
215	0	0
215	0	0
215	10	0
216	0	0
216	0	0
216	10	0
216	0	0
216	10	0
216	0	0
216	0	0
216	10	0
216	0	0
216	0	0
217	10	0
217	0	0
217	0	0
217	10	0
217	0	0
217	0	0
217	0	0
217	10	0
217	0	0
217	0	0
218	10	0
218	0	0
218	0	0
218	10	0
218	0	0
218	0	0
218	10	0
218	0	0
218	10	0
218	0	0
219	0	0
219	10	0
219	0	0
219	0	0
219	10	0
219	0	0
219	0	0
219	10	0
219	0	0
219	0	0
220	10	0
220	0	0
220	0	0
220	10	0
220	0	0
220	0	0
220	10	0
220	0	0
220	0	0
220	10	0
221	0	0
221	0	0
221	10	0
221	0	0
221	0	0
221	10	0
221	0	0
221	0	0
221	10	0
221	0	0
222	10	0
222	0	0
222	0	0
222	10	0
222	0	0
222	0	0
222	10	0
222	0	0
222	0	0
222	0	0
223	10	0
223	0	0
223	0	0
223	10	0
223	0	0
223	0	0
223	10	0
223	0	0
223	0	0
223	10	0
224	0	0
224	10	0
224	0	0
224	0	0
224	10	0
224	0	0
224	0	0
224	10	0
224	0	0
224	0	0
225	10	0
225	0	0
225	0	0
225	10	0
225	0	0
225	10	0
225	0	0
225	0	0
225	10	0
225	0	0
226	0	0
226	10	0
226	0	0
226	0	0
226	10	0
226	0	0
226	0	0
226	10	0
226	0	0
226	0	0
227	10	0
227	0	0
227	10	0
227	0	0
227	0	0
227	0	0
227	10	0
227	0	0
227	0	0
227	10	0
228	0	0
228	10	0
228	0	0
228	0	0
228	0	0
228	10	0
228	0	0
228	10	0
228	0	0
228	0	0
229	10	0
229	0	0
229	0	0
229	10	0
229	0	0
229	0	0
229	10	0
229	0	0
229	0	0
229	10	0
230	0	0
230	0	0
230	10	0
230	0	0
230	10	0
230	0	0
230	0	0
230	10	0
230	0	0
230	0	0
231	10	0
231	0	0
231	0	0
231	10	0
231	0	0
231	0	0
231	10	0
231	0	0
231	0	0
231	10	0
232	0	0
232	0	0
232	10	0
232	0	0
232	10	0
232	0	0
232	0	0
232	10	0
232	0	0
232	0	0
233	10	0
233	0	0
233	0	0
233	10	0
233	0	0
233	10	0
233	0	0
233	0	0
233	10	0
233	0	0
234	0	0
234	10	0
234	0	0
234	0	0
234	10	0
234	0	0
234	0	0
234	10	0
234	0	0
234	0	0
235	10	0
235	0	0
235	10	0
235	0	0
235	0	0
235	10	0
235	0	0
235	0	0
235	10	0
235	0	0
236	0	0
236	10	0
236	0	0
236	0	0
236	10	0
236	0	0
236	10	0
236	0	0
236	0	0
236	10	0
237	0	0
237	0	0
237	10	0
237	0	0
237	0	0
237	10	0
237	0	0
237	0	0
237	10	0
237	0	0
238	0	0
238	10	0
238	0	0
238	0	0
238	10	0
238	0	0
238	10	0
238	0	0
238	0	0
238	10	0
239	0	0
239	0	0
239	10	0
239	0	0
239	0	0
239	10	0
239	0	0
239	10	0
239	0	0
239	0	0
240	10	0
240	0	0
240	0	0
240	10	0
240	0	0
240	10	0
240	0	0
240	0	0
240	10	0
240	0	0
241	0	0
241	10	0
241	0	0
241	0	0
241	10	0
241	0	0
241	0	0
241	10	0
241	0	0
241	0	0
242	10	0
242	0	0
242	0	0
242	10	0
242	0	0
242	0	0
242	10	0
242	0	0
242	10	0
242	0	0
243	0	0
243	10	0
243	0	0
243	0	0
243	10	0
243	0	0
243	10	0
243	0	0
243	0	0
243	10	0
244	0	0
244	0	0
244	10	0
244	0	0
244	10	0
244	0	0
244	0	0
244	10	0
244	0	0
244	0	0
245	10	0
245	0	0
245	0	0
245	10	0
245	0	0
245	0	0
245	10	0
245	0	0
245	10	0
245	0	0
246	0	0
246	10	0
246	0	0
246	10	0
246	0	0
246	0	0
246	10	0
246	0	0
246	0	0
246	10	0
247	0	0
247	0	0
247	10	0
247	0	0
247	10	0
247	0	0
247	0	0
247	10	0
247	0	0
247	0	0
248	10	0
248	0	0
248	10	0
248	0	0
248	0	0
248	10	0
248	0	0
248	0	0
248	10	0
248	0	0
249	0	0
249	10	0
249	0	0
249	10	0
249	0	0
249	0	0
249	10	0
249	0	0
249	0	0
249	10	0
250	0	0
250	10	0
250	0	0
250	0	0
250	10	0
250	0	0
250	0	0
250	10	0
250	0	0
250	10	0
251	0	0
251	0	0
251	10	0
251	0	0
251	10	0
251	0	0
251	0	0
251	10	0
251	0	0
251	10	0
252	0	0
252	0	0
252	10	0
252	0	0
252	0	0
252	10	0
252	0	0
252	0	0
252	10	0
252	0	0
253	0	0
253	10	0
253	0	0
253	10	0
253	0	0
253	0	0
253	10	0
253	0	0
253	0	0
253	10	0
254	0	0
254	0	0
254	10	0
254	0	0
254	10	0
254	0	0
254	0	0
254	10	0
254	0	0
254	0	0
255	10	0
255	0	0
255	10	0
255	0	0
255	0	0
255	10	0
255	0	0
255	10	0
255	0	0
255	0	0
256	10	0
256	0	0
256	10	0
256	0	0
256	0	0
256	10	0
256	0	0
256	0	0
256	10	0
256	0	0
257	0	0
257	10	0
257	0	0
257	10	0
257	0	0
257	0	0
257	10	0
257	0	0
257	0	0
257	10	0
258	0	0
258	10	0
258	0	0
258	0	0
258	10	0
258	0	0
258	0	0
258	10	0
258	0	0
258	10	0
259	0	0
259	0	0
259	10	0
259	0	0
259	0	0
259	10	0
259	0	0
259	0	0
259	10	0
259	0	0
260	10	0
260	0	0
260	0	0
260	10	0
260	0	0
260	0	0
260	10	0
260	0	0
260	0	0
260	10	0
261	0	0
261	10	0
261	0	0
261	0	0
261	10	0
261	0	0
261	10	0
261	0	0
261	0	0
261	10	0
262	0	0
262	0	0
262	10	0
262	0	0
262	0	0
262	10	0
262	0	0
262	10	0
262	0	0
262	0	0
263	10	0
263	0	0
263	10	0
263	0	0
263	0	0
263	10	0
263	0	0
263	0	0
263	10	0
263	0	0
264	10	0
264	0	0
264	0	0
264	10	0
264	0	0
264	10	0
264	0	0
264	0	0
264	10	0
264	0	0
265	0	0
265	10	0
265	0	0
265	10	0
265	0	0
265	0	0
265	10	0
265	0	0
265	10	0
265	0	0
266	0	0
266	10	0
266	0	0
266	10	0
266	0	0
266	0	0
266	10	0
266	0	0
266	10	0
266	0	0
267	0	0
267	10	0
267	0	0
267	0	0
267	10	0
267	0	0
267	0	0
267	10	0
267	0	0
267	10	0
268	0	0
268	0	0
268	10	0
268	0	0
268	0	0
268	10	0
268	0	0
268	10	0
268	0	0
268	0	0
269	10	0
269	0	0
269	10	0
269	0	0
269	0	0
269	10	0
269	0	0
269	10	0
269	0	0
269	0	0
270	10	0
270	0	0
270	10	0
270	0	0
270	0	0
270	10	0
270	0	0
270	0	0
270	10	0
270	0	0
271	10	0
271	0	0
271	0	0
271	10	0
271	0	0
271	10	0
271	0	0
271	0	0
271	10	0
271	0	0
272	10	0
272	0	0
272	0	0
272	10	0
272	0	0
272	0	0
272	10	0
272	0	0
272	0	0
272	10	0
273	0	0
273	0	0
273	10	0
273	0	0
273	0	0
273	10	0
273	0	0
273	10	0
273	0	0
273	0	0
274	10	0
274	0	0
274	10	0
274	0	0
274	0	0
274	10	0
274	0	0
274	10	0
274	0	0
274	0	0
275	10	0
275	0	0
275	10	0
275	0	0
275	10	0
275	0	0
275	0	0
275	10	0
275	0	0
275	10	0
276	0	0
276	0	0
276	10	0
276	0	0
276	10	0
276	0	0
276	0	0
276	0	0
276	10	0
276	0	0
277	10	0
277	0	0
277	0	0
277	10	0
277	0	0
277	0	0
277	10	0
277	0	0
277	10	0
277	0	0
278	0	0
278	10	0
278	0	0
278	0	0
278	10	0
278	0	0
278	10	0
278	0	0
278	0	0
278	10	0
279	0	0
279	10	0
279	0	0
279	0	0
279	10	0
279	0	0
279	0	0
279	10	0
279	0	0
279	10	0
280	0	0
280	10	0
280	0	0
280	0	0
280	10	0
280	0	0
280	10	0
280	0	0
280	0	0
280	10	0
281	0	0
281	10	0
281	0	0
281	0	0
281	10	0
281	0	0
281	10	0
281	0	0
281	10	0
281	0	0
282	0	0
282	10	0
282	0	0
282	10	0
282	0	0
282	0	0
282	10	0
282	0	0
282	10	0
282	0	0
283	0	0
283	10	0
283	0	0
283	10	0
283	0	0
283	10	0
283	0	0
283	0	0
283	10	0
283	0	0
284	0	0
284	10	0
284	0	0
284	10	0
284	0	0
284	10	0
284	0	0
284	0	0
284	10	0
284	0	0
285	10	0
285	0	0
285	0	0
285	10	0
285	0	0
285	10	0
285	0	0
285	0	0
285	10	0
285	0	0
286	10	0
286	0	0
286	0	0
286	10	0
286	0	0
286	0	0
286	0	0
286	0	0
286	10	0
286	0	0
287	0	0
287	10	0
287	0	0
287	10	0
287	0	0
287	0	0
287	10	0
287	0	0
287	10	0
287	0	0
288	0	0
288	10	0
288	0	0
288	0	0
288	10	0
288	0	0
288	10	0
288	0	0
288	0	0
288	10	0
289	0	0
289	10	0
289	0	0
289	0	0
289	10	0
289	0	0
289	10	0
289	0	0
289	0	0
289	10	0
290	0	0
290	0	0
290	10	0
290	0	0
290	10	0
290	0	0
290	0	0
290	10	0
290	0	0
290	0	0
291	10	0
291	0	0
291	10	0
291	0	0
291	0	0
291	10	0
291	0	0
291	10	0
291	0	0
291	0	0
292	10	0
292	0	0
292	0	0
292	10	0
292	0	0
292	10	0
292	0	0
292	0	0
292	10	0
292	0	0
293	10	0
293	0	0
293	10	0
293	0	0
293	0	0
293	10	0
293	0	0
293	10	0
293	0	0
293	0	0
294	10	0
294	0	0
294	10	0
294	0	0
294	0	0
294	10	0
294	0	0
294	10	0
294	0	0
294	0	0
295	10	0
295	0	0
295	10	0
295	0	0
295	10	0
295	0	0
295	0	0
295	10	0
295	0	0
295	0	0
296	10	0
296	0	0
296	10	0
296	0	0
296	0	0
296	10	0
296	0	0
296	10	0
296	0	0
296	0	0
297	10	0
297	0	0
297	0	0
297	10	0
297	0	0
297	10	0
297	0	0
297	0	0
297	10	0
297	0	0
298	10	0
298	0	0
298	10	0
298	0	0
298	0	0
298	10	0
298	0	0
298	10	0
298	0	0
298	0	0
299	10	0
299	0	0
299	10	0
299	0	0
299	0	0
299	10	0
299	0	0
299	10	0
299	0	0
299	0	0
300	10	0
300	0	0
300	0	0
300	10	0
300	0	0
300	10	0
300	0	0
300	0	0
300	10	0
300	0	0
301	0	0
301	10	0
301	0	0
301	10	0
301	0	0
301	10	0
301	0	0
301	0	0
301	10	0
301	0	0
302	0	0
302	10	0
302	0	0
302	10	0
302	0	0
302	0	0
302	10	0
302	0	0
302	10	0
302	0	0
303	10	0
303	0	0
303	0	0
303	10	0
303	0	0
303	10	0
303	0	0
303	0	0
303	10	0
303	0	0
304	10	0
304	0	0
304	10	0
304	0	0
304	0	0
304	10	0
304	0	0
304	10	0
304	0	0
304	0	0
305	10	0
305	0	0
305	10	0
305	0	0
305	0	0
305	10	0
305	0	0
305	10	0
305	0	0
305	0	0
306	10	0
306	0	0
306	0	0
306	10	0
306	0	0
306	10	0
306	0	0
306	0	0
306	10	0
306	0	0
307	10	0
307	0	0
307	0	0
307	10	0
307	0	0
307	10	0
307	0	0
307	0	0
307	10	0
307	0	0
308	10	0
308	0	0
308	0	0
308	10	0
308	0	0
308	10	0
308	0	0
308	0	0
308	10	0
308	0	0
309	10	0
309	0	0
309	0	0
309	10	0
309	0	0
309	10	0
309	0	0
309	0	0
309	10	0
309	0	0
310	0	0
310	10	0
310	0	0
310	10	0
310	0	0
310	0	0
310	10	0
310	0	0
310	10	0
310	0	0
311	0	0
311	10	0
311	0	0
311	10	0
311	0	0
311	0	0
311	10	0
311	0	0
311	10	0
311	0	0
312	10	0
312	0	0
312	0	0
312	10	0
312	0	0
312	10	0
312	0	0
312	0	0
312	10	0
312	0	0
313	10	0
313	0	0
313	10	0
313	0	0
313	0	0
313	10	0
313	0	0
313	10	0
313	0	0
313	0	0
314	10	0
314	0	0
314	10	0
314	0	0
314	10	0
314	0	0
314	0	0
314	10	0
314	0	0
314	10	0
315	0	0
315	0	0
315	10	0
315	0	0
315	10	0
315	0	0
315	10	0
315	0	0
315	10	0
315	0	0
316	10	0
316	0	0
316	0	0
316	10	0
316	0	0
316	10	0
316	0	0
316	10	0
316	0	0
316	0	0
317	10	0
317	0	0
317	10	0
317	0	0
317	0	0
317	10	0
317	0	0
317	0	0
317	10	0
317	0	0
318	10	0
318	0	0
318	0	0
318	10	0
318	0	0
318	10	0
318	0	0
318	10	0
318	0	0
318	0	0
319	10	0
319	0	0
319	10	0
319	0	0
319	10	0
319	0	0
319	0	0
319	10	0
319	0	0
319	10	0
320	0	0
320	0	0
320	10	0
320	0	0
320	10	0
320	0	0
320	0	0
320	10	0
320	0	0
320	10	0
321	0	0
321	10	0
321	0	0
321	0	0
321	10	0
321	0	0
321	10	0
321	0	0
321	0	0
321	10	0
322	0	0
322	0	0
322	0	0
322	0	0
322	10	0
322	0	0
322	0	0
322	10	0
322	0	0
322	10	0
323	0	0
323	10	0
323	0	0
323	10	0
323	0	0
323	0	0
323	10	0
323	0	0
323	10	0
323	0	0
324	0	0
324	10	0
324	0	0
324	10	0
324	0	0
324	0	0
324	10	0
324	0	0
324	10	0
324	0	0
325	10	0
325	0	0
325	0	0
325	10	0
325	0	0
325	10	0
325	0	0
325	10	0
325	0	0
325	0	0
326	10	0
326	0	0
326	10	0
326	0	0
326	10	0
326	0	0
326	10	0
326	0	0
326	0	0
326	0	0
327	0	0
327	10	0
327	0	0
327	10	0
327	0	0
327	10	0
327	0	0
327	10	0
327	0	0
327	0	0
328	10	0
328	0	0
328	0	0
328	10	0
328	0	0
328	10	0
328	0	0
328	10	0
328	0	0
328	0	0
329	10	0
329	0	0
329	10	0
329	0	0
329	0	0
329	10	0
329	0	0
329	10	0
329	0	0
329	10	0
330	0	0
330	10	0
330	0	0
330	0	0
330	10	0
330	0	0
330	10	0
330	0	0
330	0	0
330	10	0
331	0	0
331	10	0
331	0	0
331	0	0
331	10	0
331	0	0
331	10	0
331	0	0
331	10	0
331	0	0
332	0	0
332	10	0
332	0	0
332	10	0
332	0	0
332	0	0
332	10	0
332	0	0
332	10	0
332	0	0
333	10	0
333	0	0
333	10	0
333	0	0
333	0	0
333	10	0
333	0	0
333	10	0
333	0	0
333	10	0
334	0	0
334	0	0
334	10	0
334	0	0
334	10	0
334	0	0
334	10	0
334	0	0
334	0	0
334	10	0
335	0	0
335	10	0
335	0	0
335	10	0
335	0	0
335	10	0
335	0	0
335	0	0
335	10	0
335	0	0
336	10	0
336	0	0
336	10	0
336	0	0
336	10	0
336	0	0
336	0	0
336	10	0
336	0	0
336	10	0
337	0	0
337	10	0
337	0	0
337	0	0
337	10	0
337	0	0
337	10	0
337	0	0
337	10	0
337	0	0
338	10	0
338	0	0
338	10	0
338	0	0
338	0	0
338	10	0
338	0	0
338	10	0
338	0	0
338	0	0
339	10	0
339	0	0
339	10	0
339	0	0
339	10	0
339	0	0
339	0	0
339	10	0
339	0	0
339	10	0
340	0	0
340	10	0
340	0	0
340	10	0
340	0	0
340	0	0
340	10	0
340	0	0
340	10	0
340	0	0
341	10	0
341	0	0
341	0	0
341	10	0
341	0	0
341	10	0
341	0	0
341	0	0
341	10	0
341	0	0
342	10	0
342	0	0
342	0	0
342	10	0
342	0	0
342	10	0
342	0	0
342	10	0
342	0	0
342	0	0
343	10	0
343	0	0
343	10	0
343	0	0
343	10	0
343	0	0
343	10	0
343	0	0
343	10	0
343	0	0
344	0	0
344	10	0
344	0	0
344	0	0
344	10	0
344	0	0
344	10	0
344	0	0
344	0	0
344	10	0
345	0	0
345	10	0
345	0	0
345	10	0
345	0	0
345	10	0
345	0	0
345	10	0
345	0	0
345	0	0
346	0	0
346	0	0
346	10	0
346	0	0
346	10	0
346	0	0
346	0	0
346	10	0
346	0	0
346	10	0
347	0	0
347	0	0
347	10	0
347	0	0
347	10	0
347	0	0
347	10	0
347	0	0
347	0	0
347	10	0
348	0	0
348	10	0
348	0	0
348	10	0
348	0	0
348	10	0
348	0	0
348	0	0
348	10	0
348	0	0
349	10	0
349	0	0
349	0	0
349	10	0
349	0	0
349	10	0
349	0	0
349	10	0
349	0	0
349	10	0
350	0	0
350	10	0
350	0	0
350	0	0
350	10	0
350	0	0
350	10	0
350	0	0
350	10	0
350	0	0
351	0	0
351	10	0
351	0	0
351	10	0
351	0	0
351	10	0
351	0	0
351	0	0
351	10	0
351	0	0
352	10	0
352	0	0
352	10	0
352	0	0
352	0	0
352	10	0
352	0	0
352	10	0
352	0	0
352	10	0
353	0	0
353	0	0
353	10	0
353	0	0
353	10	0
353	0	0
353	10	0
353	0	0
353	0	0
353	10	0
354	0	0
354	10	0
354	0	0
354	10	0
354	0	0
354	0	0
354	10	0
354	0	0
354	10	0
354	0	0
355	10	0
355	0	0
355	0	0
355	10	0
355	0	0
355	10	0
355	0	0
355	10	0
355	0	0
355	0	0
356	10	0
356	0	0
356	10	0
356	0	0
356	10	0
356	0	0
356	10	0
356	0	0
356	0	0
356	10	0
357	0	0
357	10	0
357	0	0
357	10	0
357	0	0
357	10	0
357	0	0
357	10	0
357	0	0
357	10	0
358	0	0
358	0	0
358	10	0
358	0	0
358	10	0
358	0	0
358	0	0
358	10	0
358	0	0
358	10	0
359	0	0
359	0	0
359	10	0
359	0	0
359	10	0
359	0	0
359	10	0
359	0	0
359	10	0
359	0	0
360	10	0
360	0	0
360	0	0
360	10	0
360	0	0
360	10	0
360	0	0
360	10	0
360	0	0
360	10	0
361	0	0
361	10	0
361	0	0
361	10	0
361	0	0
361	10	0
361	0	0
361	0	0
361	10	0
361	0	0
362	10	0
362	0	0
362	10	0
362	0	0
362	10	0
362	0	0
362	0	0
362	10	0
362	0	0
362	10	0
363	0	0
363	10	0
363	0	0
363	10	0
363	0	0
363	10	0
363	0	0
363	0	0
363	10	0
363	0	0
364	10	0
364	0	0
364	10	0
364	0	0
364	10	0
364	0	0
364	0	0
364	10	0
364	0	0
364	10	0
365	0	0
365	10	0
365	0	0
365	10	0
365	0	0
365	0	0
365	10	0
365	0	0
365	10	0
365	0	0
366	10	0
366	0	0
366	0	0
366	10	0
366	0	0
366	10	0
366	0	0
366	10	0
366	0	0
366	10	0
367	0	0
367	10	0
367	0	0
367	10	0
367	0	0
367	0	0
367	10	0
367	0	0
367	10	0
367	0	0
368	10	0
368	0	0
368	0	0
368	10	0
368	0	0
368	10	0
368	0	0
368	0	0
368	10	0
368	0	0
369	10	0
369	0	0
369	10	0
369	0	0
369	10	0
369	0	0
369	10	0
369	0	0
369	0	0
369	10	0
370	0	0
370	10	0
370	0	0
370	10	0
370	0	0
370	0	0
370	10	0
370	0	0
370	10	0
370	0	0
371	10	0
371	0	0
371	0	0
371	10	0
371	0	0
371	10	0
371	0	0
371	10	0
371	0	0
371	10	0
372	0	0
372	10	0
372	0	0
372	0	0
372	10	0
372	0	0
372	10	0
372	0	0
372	10	0
372	0	0
373	10	0
373	0	0
373	10	0
373	0	0
373	10	0
373	0	0
373	10	0
373	0	0
373	0	0
373	10	0
374	0	0
374	10	0
374	0	0
374	10	0
374	0	0
374	10	0
374	0	0
374	10	0
374	0	0
374	0	0
375	10	0
375	0	0
375	10	0
375	0	0
375	10	0
375	0	0
375	10	0
375	0	0
375	0	0
375	10	0
376	0	0
376	10	0
376	0	0
376	10	0
376	0	0
376	10	0
376	0	0
376	0	0
376	10	0
376	0	0
377	10	0
377	0	0
377	10	0
377	0	0
377	10	0
377	0	0
377	10	0
377	0	0
377	10	0
377	0	0
378	10	0
378	0	0
378	0	0
378	10	0
378	0	0
378	10	0
378	0	0
378	10	0
378	0	0
378	10	0
379	0	0
379	10	0
379	0	0
379	10	0
379	0	0
379	10	0
379	0	0
379	10	0
379	0	0
379	0	0
380	10	0
380	0	0
380	10	0
380	0	0
380	10	0
380	0	0
380	0	0
380	10	0
380	0	0
380	10	0
381	0	0
381	10	0
381	0	0
381	10	0
381	0	0
381	0	0
381	10	0
381	0	0
381	0	0
381	10	0
382	0	0
382	10	0
382	0	0
382	10	0
382	0	0
382	10	0
382	0	0
382	0	0
382	10	0
382	0	0
383	10	0
383	0	0
383	10	0
383	0	0
383	10	0
383	0	0
383	10	0
383	0	0
383	10	0
383	0	0
384	10	0
384	0	0
384	0	0
384	0	0
384	0	0
384	10	0
384	0	0
384	10	0
384	0	0
384	10	0
385	0	0
385	10	0
385	0	0
385	10	0
385	0	0
385	10	0
385	0	0
385	10	0
385	0	0
385	10	0
386	0	0
386	10	0
386	0	0
386	10	0
386	0	0
386	0	0
386	10	0
386	0	0
386	10	0
386	0	0
387	10	0
387	0	0
387	10	0
387	0	0
387	10	0
387	0	0
387	10	0
387	0	0
387	10	0
387	0	0
388	0	0
388	10	0
388	0	0
388	10	0
388	0	0
388	10	0
388	0	0
388	10	0
388	0	0
388	0	0
389	10	0
389	0	0
389	10	0
389	0	0
389	10	0
389	0	0
389	10	0
389	0	0
389	10	0
389	0	0
390	0	0
390	10	0
390	10	0
390	0	0
390	0	0
390	10	0
390	0	0
390	10	0
390	0	0
390	10	0
391	0	0
391	10	0
391	0	0
391	0	0
391	10	0
391	0	0
391	10	0
391	0	0
391	10	0
391	0	0
392	10	0
392	0	0
392	10	0
392	0	0
392	10	0
392	0	0
392	0	0
392	10	0
392	0	0
392	10	0
393	0	0
393	10	0
393	0	0
393	10	0
393	0	0
393	10	0
393	0	0
393	0	0
393	10	0
393	0	0
394	10	0
394	0	0
394	10	0
394	0	0
394	10	0
394	0	0
394	0	0
394	10	0
394	0	0
394	10	0
395	0	0
395	0	0
395	10	0
395	0	0
395	10	0
395	0	0
395	10	0
395	0	0
395	10	0
395	10	0
396	0	0
396	0	0
396	10	0
396	0	0
396	10	0
396	0	0
396	10	0
396	0	0
396	10	0
396	0	0
397	10	0
397	0	0
397	10	0
397	0	0
397	10	0
397	0	0
397	0	0
397	10	0
397	0	0
397	10	0
398	0	0
398	10	0
398	0	0
398	10	0
398	0	0
398	0	0
398	10	0
398	0	0
398	10	0
398	0	0
399	10	0
399	0	0
399	10	0
399	0	0
399	10	0
399	0	0
399	0	0
399	10	0
399	0	0
399	10	0
400	0	0
400	10	0
400	0	0
400	10	0
400	0	0
400	10	0
400	0	0
400	0	0
400	10	0
400	0	0
401	10	0
401	0	0
401	10	0
401	0	0
401	10	0
401	0	0
401	10	0
401	0	0
401	10	0
401	0	0
402	0	0
402	10	0
402	0	0
402	10	0
402	0	0
402	10	0
402	0	0
402	10	0
402	0	0
402	10	0
403	0	0
403	10	0
403	0	0
403	10	0
403	0	0
403	0	0
403	10	0
403	0	0
403	10	0
403	0	0
404	10	0
404	0	0
404	10	0
404	0	0
404	10	0
404	0	0
404	10	0
404	0	0
404	10	0
404	0	0
405	10	0
405	0	0
405	10	0
405	0	0
405	10	0
405	0	0
405	0	0
405	0	0
405	0	0
405	10	0
406	0	0
406	10	0
406	0	0
406	10	0
406	0	0
406	10	0
406	0	0
406	10	0
406	0	0
406	10	0
407	0	0
407	10	0
407	0	0
407	10	0
407	0	0
407	10	0
407	0	0
407	0	0
407	0	0
407	10	0
408	0	0
408	0	0
408	10	0
408	0	0
408	10	0
408	0	0
408	10	0
408	0	0
408	10	0
408	0	0
409	0	0
409	10	0
409	0	0
409	10	0
409	0	0
409	10	0
409	0	0
409	10	0
409	0	0
409	0	0
410	10	0
410	0	0
410	10	0
410	0	0
410	10	0
410	0	0
410	10	0
410	0	0
410	10	0
410	0	0
411	10	0
411	0	0
411	10	0
411	0	0
411	10	0
411	0	0
411	10	0
411	0	0
411	10	0
411	0	0
412	10	0
412	0	0
412	10	0
412	0	0
412	10	0
412	0	0
412	10	0
412	0	0
412	10	0
412	0	0
413	10	0
413	0	0
413	10	0
413	0	0
413	10	0
413	0	0
413	0	0
413	10	0
413	0	0
413	10	0
414	0	0
414	10	0
414	0	0
414	10	0
414	0	0
414	10	0
414	0	0
414	10	0
414	0	0
414	0	0
415	10	0
415	0	0
415	10	0
415	0	0
415	10	0
415	0	0
415	10	0
415	0	0
415	10	0
415	0	0
416	10	0
416	0	0
416	0	0
416	10	0
416	0	0
416	10	0
416	0	0
416	10	0
416	0	0
416	10	0
417	0	0
417	10	0
417	0	0
417	10	0
417	0	0
417	10	0
417	0	0
417	0	0
417	10	0
417	0	0
418	10	0
418	0	0
418	10	0
418	0	0
418	10	0
418	0	0
418	10	0
418	0	0
418	10	0
418	0	0
419	10	0
419	0	0
419	10	0
419	0	0
419	10	0
419	0	0
419	0	0
419	10	0
419	0	0
419	10	0
420	0	0
420	10	0
420	0	0
420	10	0
420	0	0
420	10	0
420	0	0
420	10	0
420	0	0
420	0	0
421	10	0
421	0	0
421	10	0
421	0	0
421	10	0
421	0	0
421	10	0
421	0	0
421	0	0
421	10	0
422	0	0
422	10	0
422	0	0
422	10	0
422	0	0
422	10	0
422	0	0
422	10	0
422	0	0
422	10	0
423	0	0
423	10	0
423	0	0
423	10	0
423	0	0
423	10	0
423	0	0
423	0	0
423	10	0
423	0	0
424	10	0
424	0	0
424	10	0
424	0	0
424	10	0
424	0	0
424	10	0
424	0	0
424	10	0
424	0	0
425	10	0
425	0	0
425	10	0
425	0	0
425	10	0
425	0	0
425	10	0
425	0	0
425	0	0
425	10	0
426	10	0
426	0	0
426	10	0
426	0	0
426	0	0
426	10	0
426	0	0
426	10	0
426	0	0
426	10	0
427	0	0
427	10	0
427	0	0
427	10	0
427	0	0
427	10	0
427	0	0
427	0	0
427	10	0
427	0	0
428	10	0
428	0	0
428	10	0
428	0	0
428	10	0
428	0	0
428	10	0
428	0	0
428	10	0
428	0	0
429	10	0
429	0	0
429	10	0
429	0	0
429	10	0
429	0	0
429	10	0
429	0	0
429	10	0
429	0	0
430	0	0
430	10	0
430	10	0
430	0	0
430	0	0
430	10	0
430	0	0
430	10	0
430	0	0
430	10	0
431	0	0
431	10	0
431	0	0
431	10	0
431	10	0
431	0	0
431	10	0
431	0	0
431	0	0
431	10	0
432	0	0
432	10	0
432	0	0
432	10	0
432	0	0
432	10	0
432	0	0
432	10	0
432	0	0
432	10	0
433	0	0
433	10	0
433	10	0
433	0	0
433	10	0
433	0	0
433	10	0
433	0	0
433	10	0
433	0	0
434	10	0
434	10	0
434	0	0
434	10	0
434	0	0
434	10	0
434	0	0
434	10	0
434	0	0
434	10	0
435	0	0
435	10	0
435	0	0
435	0	0
435	10	0
435	0	0
435	0	0
435	0	0
435	10	0
435	0	0
0	0	0
0	0	0
0	0	0
0	0	0
0	0	0
0	0	0
0	0	0
0	0	0
0	0	0
0	0	0
0	0	0
0	0	0
0	0	0
0	0	0
0	0	0
0	0	0
0	0	0
0	0	0
0	0	0
0	0	0
0	0	0
0	0	0
0	0	0
0	0	0
0	0	0
0	0	0
0	0	0
0	0	0
0	0	0
0	0	0
0	0	0
0	0	0
0	0	0
0	0	0
0	0	0
0	0	0
0	0	0
0	0	0
0	0	0
0	0	0
0	0	0
0	0	0
0	0	0
0	0	0
0	0	0
0	0	0
0	0	0
0	0	0
0	0	0
0	0	0
0	0	0
0	0	0
0	0	0
0	0	0
0	0	0
0	0	0
0	0	0
0	0	0
0	0	0
0	0	0
0	0	0
0	0	0
0	0	0
0	0	0
0	0	0
0	0	0
0	0	0
0	0	0
0	0	0
0	0	0
0	0	0
0	0	0
0	0	0
0	0	0
0	0	0
0	0	0
0	0	0
0	0	0
0	0	0
0	0	0
0	0	0
0	0	0
0	0	0
0	0	0
0	0	0
0	0	0
0	0	0
0	0	0
0	0	0
0	0	0
0	0	0
0	0	0
0	0	0
0	0	0
0	0	0
0	0	0
0	0	0
0	0	0
0	0	0
0	0	0
0	0	0
0	0	0
0	0	0
0	0	0
0	0	0
0	0	0
0	0	0
0	0	0
0	0	0
0	0	0
0	0	0
0	0	0
0	0	0
0	0	0
0	0	0
0	0	0
0	0	0
0	0	0
0	0	0
0	0	0
0	0	0
0	0	0
0	0	0
0	0	0
0	0	0
0	0	0
0	0	0
0	0	0
0	0	0
0	0	0
