30	130	124184
29	90	89547
29	20	25083
28	20	9221
30	100	89347
28	40	40278
28	30	28331
30	100	100827
27	10	5003
29	50	41516
31	140	122273
28	20	22460
30	70	49552
31	460	356258
30	30	33306
30	190	150362
30	70	52503
31	1450	1218683
31	230	193252
31	260	205617
31	80	55111
33	80	57004
32	660	465313
31	400	294594
30	50	37840
32	410	276122
31	1030	905726
31	1220	993011
33	670	387216
31	110	73618
32	390	267300
31	530	455517
34	260	136834
31	230	170573
32	100	69891
33	380	260970
35	140	59855
33	130	75420
34	130	80031
35	250	95988
37	150	40314
33	990	595610
35	580	192371
33	650	410530
35	740	262367
35	260	94984
38	100	40716
35	460	151971
37	150	59764
36	790	183022
37	360	78596
36	460	142751
35	1010	469622
39	100	27190
35	510	250755
37	280	82976
39	210	47734
37	240	79041
36	520	171390
38	330	89908
38	180	38914
37	810	156180
37	330	85941
38	320	71999
40	150	29361
40	420	43212
38	250	66119
39	250	36447
38	200	56914
39	240	39220
39	360	49649
39	150	37214
40	280	46024
40	110	30739
41	110	16106
42	120	14995
40	280	45823
40	380	70454
42	140	24653
40	450	52346
41	180	33376
42	170	21488
41	230	29550
41	150	24881
41	500	53148
43	130	16310
42	130	19123
42	180	24540
42	90	19947
44	60	10713
43	240	24734
44	130	10097
43	170	16346
44	130	23656
44	190	13889
44	200	25810
44	210	14472
44	70	9625
44	170	12394
45	50	6312
45	200	11662
45	140	15090
45	220	11368
47	40	5583
46	240	12493
47	50	5892
46	140	12056
46	90	8572
46	190	10395
47	60	4935
47	60	7039
47	110	5200
47	100	7529
47	100	10115
47	130	7095
48	90	6283
48	90	7644
48	120	6484
48	180	6305
48	130	7941
49	120	6194
49	110	3924
49	100	5408
50	70	4062
49	90	4475
50	70	3715
50	50	3325
50	70	3698
51	60	4203
51	40	2514
51	90	3870
52	70	2118
52	80	3330
52	70	1956
51	60	2402
52	60	2227
53	40	3844
53	60	1829
52	50	2280
53	90	5126
53	40	2507
53	80	2319
53	60	3767
53	60	2229
53	70	2389
54	40	2353
54	60	1819
54	110	2262
54	70	1438
54	100	1449
56	30	875
55	90	1609
55	50	1411
56	20	1556
55	90	2463
57	30	1009
57	30	1239
56	150	3385
56	50	523
56	30	2035
57	60	1547
57	40	1129
58	30	616
57	60	1180
57	50	1491
58	40	1211
58	40	675
58	50	1165
58	60	1869
59	30	692
59	40	964
59	40	611
59	30	1366
59	30	310
59	70	853
60	30	164
60	20	787
60	20	462
60	20	806
60	30	584
61	40	656
61	40	584
61	30	930
61	40	561
61	30	384
63	20	881
62	20	354
63	30	458
62	20	483
62	50	324
63	20	340
63	30	440
63	20	1053
63	40	298
63	10	589
64	20	720
64	40	602
64	20	246
64	20	688
64	40	364
65	30	287
65	40	391
65	30	165
65	60	616
65	30	203
66	20	568
66	20	201
66	30	369
66	30	100
66	20	267
67	40	455
67	20	75
67	20	280
67	30	322
67	20	66
68	20	293
68	10	233
68	20	894
68	30	136
68	10	182
69	20	190
70	30	326
69	20	242
69	20	73
69	20	51
70	20	123
70	10	59
70	20	66
70	10	113
70	20	82
71	10	132
71	40	113
71	10	26
71	20	52
71	10	114
72	30	67
72	10	16
72	20	26
72	20	185
72	10	43
73	10	22
73	20	138
73	10	58
73	10	80
73	20	89
74	20	65
74	20	100
74	20	33
74	10	27
74	30	44
75	10	6
75	20	44
75	10	28
75	20	5
75	20	34
76	10	6
76	10	36
76	10	0
76	20	56
76	0	37
77	20	20
77	10	119
77	10	8
77	10	6
77	20	13
78	10	19
78	20	0
78	10	23
78	10	0
78	10	48
79	10	9
79	10	0
79	10	0
79	10	30
79	10	0
80	10	12
80	10	22
80	10	5
80	10	9
80	10	0
81	20	14
81	10	0
81	20	13
81	10	0
81	10	0
82	10	17
82	10	0
82	10	0
82	10	29
82	10	0
83	10	4
83	20	0
83	10	0
83	10	10
83	10	24
84	10	18
84	10	0
84	10	35
84	10	26
84	10	4
85	10	0
85	10	10
85	20	48
85	10	0
85	10	6
86	10	0
86	10	17
86	10	5
86	10	0
86	10	0
87	20	6
87	0	0
87	10	7
87	10	8
87	10	0
88	10	0
88	10	0
88	20	0
88	10	0
88	10	0
89	10	0
89	0	21
89	20	30
89	10	0
89	10	15
90	10	0
90	10	7
90	10	8
90	0	0
90	20	0
91	0	0
91	10	2
91	10	0
91	10	1
91	10	0
92	10	0
92	10	13
92	0	0
92	10	0
92	10	0
93	10	0
93	10	0
93	10	0
93	0	3
93	10	0
94	10	0
94	0	0
94	10	0
94	10	0
94	0	0
95	10	1
95	10	0
95	0	0
95	10	0
95	10	0
96	10	0
96	10	0
96	0	0
96	10	0
96	10	0
97	10	0
97	0	0
97	10	0
97	10	0
97	0	0
98	10	0
98	10	0
98	10	0
98	0	2
98	10	0
99	0	0
99	10	0
99	10	0
99	0	0
99	10	0
100	10	0
100	0	0
100	10	0
100	10	0
100	0	0
101	10	0
101	10	0
101	0	0
101	10	0
101	10	0
102	0	0
102	10	0
102	10	0
102	10	0
102	0	0
103	10	0
103	0	0
103	10	1
103	10	0
103	0	0
104	10	0
104	10	0
104	0	0
104	10	0
104	10	0
105	10	0
105	0	0
105	10	0
105	0	0
105	10	0
106	10	0
106	10	0
106	0	0
106	10	2
106	0	0
107	10	0
107	10	0
107	10	0
107	0	0
107	10	0
108	0	0
108	10	0
108	10	0
108	0	0
108	10	0
109	10	0
109	0	0
109	10	0
109	0	0
109	10	0
110	10	0
110	0	0
110	10	0
110	0	0
110	10	0
111	0	0
111	10	0
111	0	0
111	10	0
111	10	0
112	0	0
112	10	0
112	10	0
112	0	0
112	10	0
113	0	0
113	10	0
113	10	0
113	0	0
113	10	0
114	10	0
114	0	0
114	10	0
114	0	0
114	10	0
115	10	0
115	0	0
115	10	0
115	0	0
115	10	0
116	10	0
116	0	0
116	10	0
116	10	0
116	0	0
117	10	0
117	10	0
117	0	0
117	10	0
117	0	0
118	10	0
118	0	0
118	10	0
118	0	0
118	10	0
119	10	0
119	0	0
119	10	0
119	0	0
119	10	0
